STRATO	M1	M2	M3	M4	S1	S2	S3	S4	N	DOM1	COST	CENS	SOLUZ
1	1012.91666666667	1266.08333333334	1615.16666666667	732.75	502.45358945096	767.649146432236	1061.96812150826	771.355788012692	12	4	1	0	2
2	1965	2485	2589	550	0	0	0	0	1	4	1	0	1
3	794.409090909091	935.318181818182	1160.04545454545	398.818181818182	627.02089513872	794.086912475889	979.940854504107	327.301421800936	22	4	1	0	2.40196595198537
4	727.090909090909	891.136363636364	1103.81818181818	463.090909090908	894.333387707846	1174.3529354281	1449.41291162097	661.091145068892	22	4	1	0	3.55270458511355
5	2429	2925.5	3268.5	1330	122.329473145273	106.419570568575	68.2358043845018	41.7193000900063	2	4	1	0	2
6	1107.6	1436.92	1705.16	660.6	748.65966726697	1270.11199392602	1253.80663101723	577.308197556545	25	4	1	0	3.49232659083138
7	1355.6	1774.73333333333	2184.4	859.333333333333	611.043326947776	924.453974827344	986.560866934558	585.491323037201	15	4	1	0	2
8	387.633333333333	441.633333333333	556.6	193.733333333333	293.685938010633	352.852639226717	436.458575109983	178.55358164573	30	4	1	0	2
9	693.791666666667	811.458333333333	1008.58333333333	318.958333333333	275.750127891915	376.633704094821	458.944452127803	181.723406213236	24	4	1	0	2
