STRATO	M1	M2	M3	M4	S1	S2	S3	S4	N	DOM1	COST	CENS	SOLUZ
1	179.076923076923	194.051282051282	255.512820512821	107.538461538462	376.235377515785	458.023231067772	618.475286230345	271.833524269489	39	3	1	0	3.61047308784526
2	1634	2437	2655	887	0	0	0	0	1	3	1	0	1
3	2102.86666666667	2765.46666666667	3166.33333333333	1539.66666666667	452.20767649962	574.186308968968	582.582568063198	362.273379993413	15	3	1	0	2
4	451.846153846154	509.384615384615	601.217948717949	236.192307692308	349.608249267216	429.104318921901	503.727746290408	216.858503852268	78	3	1	0	6.44485348156725
5	709.357142857143	884.857142857143	1088.57142857143	503.142857142857	733.462349584296	1064.46668928739	1345.79845263779	739.348133953806	14	3	1	0	2.62840776795041
6	157.771929824561	163.280701754386	200.61403508772	72.1754385964912	44.9823922555674	49.5693125514912	50.8617059957789	24.9431056109715	57	3	1	0	2
7	683.848484848485	790.666666666667	964.969696969697	377.090909090909	310.781241290905	420.058219745038	480.481639381893	211.38314320915	33	3	1	0	2.47437108547154
8	369.525	391.35	489.575	158.425	51.6223729658469	58.9348628784356	71.4304960477317	38.547302313197	40	3	1	0	2
9	1005.5	1179.76470588235	1377.73529411765	528.970588235294	272.527240843248	366.717828700321	373.833637728248	212.351258345449	34	3	1	0	2.1611919936236
