STRATO	N	M1	M2	M3	M4	S1	S2	S3	S4	COST	CENS	DOM1	X1	X2	X3	X4	X5	X6	LABEL	STRATUM
1*1*1*1*1*1	114	30.719298245614	31.5526315789474	40.4736842105263	20.8947368421053	14.5737740731634	16.2097502092636	18.6360387169101	10.8816346336003	1	0	1	1	1	1	1	1	1	1	1*1*1*1*1*1
1*1*2*1*1*1	2	49	46	58.5	35.5	1	1	4.5	3.5	1	0	1	1	1	2	1	1	1	2	1*1*2*1*1*1
1*2*1*1*1*1	5	41	47.4	48	25.4	16.9587735405601	13.1544669219243	12.1161049846888	10.9288608738514	1	0	1	1	2	1	1	1	1	3	1*2*1*1*1*1
1*2*1*2*1*1	2	29	38	44	29	2	0	10	7	1	0	1	1	2	1	2	1	1	2	1*2*1*2*1*1
1*2*1*3*1*1	1	48	70	63	31	0	0	0	0	1	0	1	1	2	1	3	1	1	4	1*2*1*3*1*1
1*3*1*2*1*1	1	20	23	23	12	0	0	0	0	1	0	1	1	3	1	2	1	1	4	1*3*1*2*1*1
10*1*1*1*1*1	2	1094	1210.5	1353	499	166	62.5	128	103	1	0	1	10	1	1	1	1	1	2	10*1*1*1*1*1
10*1*1*1*1*2	1	878	969	1109	640	0	0	0	0	1	0	1	10	1	1	1	1	2	4	10*1*1*1*1*2
10*1*1*1*2*1	1	983	1390	1384	453	0	0	0	0	1	0	1	10	1	1	1	2	1	2	10*1*1*1*2*1
10*1*2*1*1*1	1	1262	1291	1281	447	0	0	0	0	1	0	1	10	1	2	1	1	1	5	10*1*2*1*1*1
10*1*2*1*1*2	1	973	1008	1231	479	0	0	0	0	1	0	1	10	1	2	1	1	2	6	10*1*2*1*1*2
10*2*1*2*1*2	1	1021	1121	1377	661	0	0	0	0	1	0	1	10	2	1	2	1	2	6	10*2*1*2*1*2
10*2*2*1*2*2	2	1130.5	1165	1356	568	104.5	99	80	28	1	0	1	10	2	2	1	2	2	3	10*2*2*1*2*2
10*3*2*2*2*1	3	959	1007.66666666667	1268.66666666667	830.333333333333	24.0970260959038	51.3960655649395	100.174292554971	273.271944325713	1	0	1	10	3	2	2	2	1	6	10*3*2*2*2*1
11*1*1*1*2*1	1	1140	1062	1701	794	0	0	0	0	1	0	1	11	1	1	1	2	1	7	11*1*1*1*2*1
11*1*2*1*2*2	2	1275	1438.5	1720.5	726.5	37	152.5	138.5	1.5	1	0	1	11	1	2	1	2	2	2	11*1*2*1*2*2
11*2*1*1*2*1	1	1196	1140	1627	732	0	0	0	0	1	0	1	11	2	1	1	2	1	8	11*2*1*1*2*1
11*2*2*1*2*1	1	1659	1596	1562	770	0	0	0	0	1	0	1	11	2	2	1	2	1	6	11*2*2*1*2*1
11*2*2*1*2*3	1	1642	1799	1779	475	0	0	0	0	1	0	1	11	2	2	1	2	3	6	11*2*2*1*2*3
11*2*2*2*2*1	1	1219	1519	1812	791	0	0	0	0	1	0	1	11	2	2	2	2	1	8	11*2*2*2*2*1
11*3*2*2*2*1	1	1321	1454	1731	844	0	0	0	0	1	0	1	11	3	2	2	2	1	9	11*3*2*2*2*1
12*1*1*1*1*1	2	1560	2244	2074	764	126	70	323	200	1	0	1	12	1	1	1	1	1	8	12*1*1*1*1*1
12*1*1*1*1*2	2	1834.5	2330.5	2239.5	633	145.5	48.5	234.5	32	1	0	1	12	1	1	1	1	2	9	12*1*1*1*1*2
12*1*1*1*2*1	2	1744.5	1794.5	2434	957	46.5	279.5	228	32	1	0	1	12	1	1	1	2	1	9	12*1*1*1*2*1
12*1*1*1*2*2	1	1903	1867	2314	720	0	0	0	0	1	0	1	12	1	1	1	2	2	9	12*1*1*1*2*2
12*1*3*1*2*2	1	1724	2089	2261	1220	0	0	0	0	1	0	1	12	1	3	1	2	2	3	12*1*3*1*2*2
12*2*1*1*1*3	1	1532	1891	2143	984	0	0	0	0	1	0	1	12	2	1	1	1	3	1	12*2*1*1*1*3
12*2*1*2*2*1	1	1811	2013	2488	1203	0	0	0	0	1	0	1	12	2	1	2	2	1	9	12*2*1*2*2*1
12*2*1*3*2*1	1	1277	2522	1682	507	0	0	0	0	1	0	1	12	2	1	3	2	1	9	12*2*1*3*2*1
12*3*2*2*2*2	1	1513	1673	2147	928	0	0	0	0	1	0	1	12	3	2	2	2	2	9	12*3*2*2*2*2
12*3*2*3*2*1	1	1449	2076	1995	1016	0	0	0	0	1	0	1	12	3	2	3	2	1	9	12*3*2*3*2*1
12*3*3*2*2*1	1	1920	1461	1944	932	0	0	0	0	1	0	1	12	3	3	2	2	1	9	12*3*3*2*2*1
12*3*3*2*2*2	1	1520	1538	1922	993	0	0	0	0	1	0	1	12	3	3	2	2	2	10	12*3*3*2*2*2
13*1*1*1*2*1	3	2145.66666666667	2243.33333333333	3104.66666666667	1428	236.169901177568	25.1970015852857	233.195673678184	347.980842384558	1	0	1	13	1	1	1	2	1	9	13*1*1*1*2*1
13*1*2*1*2*1	2	2001.5	2276	3110.5	1285	201.5	275	65.5	139	1	0	1	13	1	2	1	2	1	9	13*1*2*1*2*1
13*1*2*1*2*2	1	2716	3418	2923	606	0	0	0	0	1	0	1	13	1	2	1	2	2	11	13*1*2*1*2*2
13*2*2*1*2*3	1	2088	2182	2449	1236	0	0	0	0	1	0	1	13	2	2	1	2	3	9	13*2*2*1*2*3
14*1*1*1*2*1	4	2524	2969.25	3618.75	1796.75	464.761766930112	275.737533716395	287.10396636062	388.890328370352	1	0	1	14	1	1	1	2	1	9	14*1*1*1*2*1
14*1*1*1*2*2	1	2320	3548	3309	1050	0	0	0	0	1	0	1	14	1	1	1	2	2	9	14*1*1*1*2*2
14*3*1*1*2*2	1	2836	3353	3692	1709	0	0	0	0	1	0	1	14	3	1	1	2	2	9	14*3*1*1*2*2
15*1*1*1*2*1	3	3454.66666666667	4709	5289	2765.66666666667	256.008246394959	476.961913224386	420.48860468111	309.128164718491	1	0	1	15	1	1	1	2	1	11	15*1*1*1*2*1
15*1*1*1*2*2	4	3643.75	5497.5	5160.25	2281.5	431.680654535271	737.101587299878	471.954645596375	177.675969112314	1	0	1	15	1	1	1	2	2	9	15*1*1*1*2*2
15*1*2*1*2*3	2	3790	4871.5	6019.5	2251.5	634	928.5	1101.5	48.5	1	0	1	15	1	2	1	2	3	9	15*1*2*1*2*3
15*2*1*1*2*3	1	3359	4170	4509	1895	0	0	0	0	1	0	1	15	2	1	1	2	3	11	15*2*1*1*2*3
15*2*2*1*2*3	1	3419	4288	4522	2132	0	0	0	0	1	0	1	15	2	2	1	2	3	12	15*2*2*1*2*3
16*1*1*1*2*2	2	6658	8303.5	8961	3701	861	622.5	532	80	1	0	1	16	1	1	1	2	2	11	16*1*1*1*2*2
16*1*2*1*2*3	1	5796	7279	7126	4175	0	0	0	0	1	0	1	16	1	2	1	2	3	11	16*1*2*1*2*3
16*1*3*1*2*3	1	6732	7998	8492	3949	0	0	0	0	1	0	1	16	1	3	1	2	3	11	16*1*3*1*2*3
16*2*2*1*2*1	1	4790	6615	6931	4118	0	0	0	0	1	0	1	16	2	2	1	2	1	12	16*2*2*1*2*1
18*1*1*1*3*2	1	32429	60074	57063	28398	0	0	0	0	1	0	1	18	1	1	1	3	2	7	18*1*1*1*3*2
18*2*2*1*3*2	1	24291	44202	35421	21000	0	0	0	0	1	0	1	18	2	2	1	3	2	12	18*2*2*1*3*2
2*1*1*1*1*1	75	79.7466666666667	81.7066666666667	99.6133333333333	41.8	16.7181285502362	19.5057416048597	20.3456094089664	12.0055542701424	1	0	1	2	1	1	1	1	1	13	2*1*1*1*1*1
2*1*1*1*1*2	1	98	106	116	43	0	0	0	0	1	0	1	2	1	1	1	1	2	13	2*1*1*1*1*2
2*1*1*2*1*1	2	77.5	79.5	95	51	24.5	15.5	26	16	1	0	1	2	1	1	2	1	1	13	2*1*1*2*1*1
2*1*2*1*1*1	15	87.7333333333333	88	99	48.4666666666667	13.8538402217179	17.8400298953412	13.9092295497151	9.50695651732047	1	0	1	2	1	2	1	1	1	13	2*1*2*1*1*1
2*2*1*1*1*1	4	79.75	79.25	90.25	49.75	16.2845785944863	12.0286117237194	14.8218588577816	7.8541390362025	1	0	1	2	2	1	1	1	1	13	2*2*1*1*1*1
2*2*1*2*1*1	8	71	75.375	102.375	68.75	16.6883192682786	10.1604318313741	25.6219510381235	20.345454037696	1	0	1	2	2	1	2	1	1	13	2*2*1*2*1*1
2*2*2*1*1*1	2	79.5	80.5	92	48	10.5	0.5	7	11	1	0	1	2	2	2	1	1	1	5	2*2*2*1*1*1
2*2*2*2*1*1	1	90	91	120	67	0	0	0	0	1	0	1	2	2	2	2	1	1	6	2*2*2*2*1*1
3*1*1*1*1*1	37	125	135.027027027027	164.702702702703	63.5135135135135	23.8248110511211	27.3609373224207	29.4038652219856	20.1032760831872	1	0	1	3	1	1	1	1	1	13	3*1*1*1*1*1
3*1*1*2*1*1	2	111.5	103	120.5	65.5	9.5	7	4.5	3.5	1	0	1	3	1	1	2	1	1	13	3*1*1*2*1*1
3*1*2*1*1*1	19	133.105263157895	129.842105263158	153.578947368421	63.5789473684211	21.550173370513	24.1121571387476	23.172842066054	11.2825705799683	1	0	1	3	1	2	1	1	1	1	3*1*2*1*1*1
3*2*1*1*1*1	10	115.7	115.1	147.8	76.1	19.8396068509434	20.762706952611	15.5807573628499	12.5095963164284	1	0	1	3	2	1	1	1	1	13	3*2*1*1*1*1
3*2*1*2*1*1	6	125.333333333333	124.666666666667	170.166666666667	99.6666666666667	19.9722029052603	21.0052903389175	34.3288832067433	9.19540948275581	1	0	1	3	2	1	2	1	1	13	3*2*1*2*1*1
4*1*1*1*1*1	31	187.483870967742	189.064516129032	238.709677419355	83.4193548387097	29.8500240100859	35.8220831906899	37.0040917950078	28.0400338152071	1	0	1	4	1	1	1	1	1	1	4*1*1*1*1*1
4*1*1*2*1*1	1	209	227	239	106	0	0	0	0	1	0	1	4	1	1	2	1	1	5	4*1*1*2*1*1
4*1*2*1*1*1	9	187.888888888889	197.666666666667	225.777777777778	98.7777777777778	37.3167952787554	34.9571165858971	18.7721885172826	13.6689248360227	1	0	1	4	1	2	1	1	1	13	4*1*2*1*1*1
4*2*1*1*1*1	10	182.3	185.3	225.4	119	30.6171520556697	27.4738057065271	27.9578253803832	24.3474844696531	1	0	1	4	2	1	1	1	1	1	4*2*1*1*1*1
4*2*1*2*1*1	2	191.5	251.5	249.5	108	25.5	29.5	3.5	21	1	0	1	4	2	1	2	1	1	13	4*2*1*2*1*1
4*2*2*1*1*1	1	169	188	259	80	0	0	0	0	1	0	1	4	2	2	1	1	1	5	4*2*2*1*1*1
4*2*2*2*1*1	1	177	181	174	127	0	0	0	0	1	0	1	4	2	2	2	1	1	14	4*2*2*2*1*1
4*3*1*2*1*1	1	190	172	254	179	0	0	0	0	1	0	1	4	3	1	2	1	1	13	4*3*1*2*1*1
5*1*1*1*1*1	26	253.923076923077	258.538461538462	334.653846153846	117.307692307692	43.4545944078176	42.5605729151277	40.063355890478	41.6568114577725	1	0	1	5	1	1	1	1	1	5	5*1*1*1*1*1
5*1*1*1*1*2	1	232	260	297	115	0	0	0	0	1	0	1	5	1	1	1	1	2	5	5*1*1*1*1*2
5*1*2*1*1*1	6	255	264.833333333333	333.166666666667	128	59.464274989274	29.1399877983655	26.3401889810145	12.8582010146573	1	0	1	5	1	2	1	1	1	13	5*1*2*1*1*1
5*2*1*1*1*1	6	249.833333333333	270.166666666667	341.666666666667	130.666666666667	26.5983499905957	38.4855672803311	37.9151098581496	44.9209181661382	1	0	1	5	2	1	1	1	1	13	5*2*1*1*1*1
5*2*1*1*2*1	1	212	234	353	194	0	0	0	0	1	0	1	5	2	1	1	2	1	14	5*2*1*1*2*1
5*2*1*2*1*1	2	223	249.5	328	201.5	25	39.5	47	6.5	1	0	1	5	2	1	2	1	1	14	5*2*1*2*1*1
5*2*2*1*1*1	2	244.5	242	293	134.5	43.5	11	4	2.5	1	0	1	5	2	2	1	1	1	8	5*2*2*1*1*1
5*2*2*2*1*1	1	168	213	302	218	0	0	0	0	1	0	1	5	2	2	2	1	1	14	5*2*2*2*1*1
5*3*2*2*2*1	1	203	230	365	277	0	0	0	0	1	0	1	5	3	2	2	2	1	14	5*3*2*2*2*1
6*1*1*1*1*1	16	336.9375	363.0625	468.6875	167.75	38.7515624684993	52.156577665238	66.5683096056224	42.916343040851	1	0	1	6	1	1	1	1	1	5	6*1*1*1*1*1
6*1*1*1*1*2	1	311	397	455	173	0	0	0	0	1	0	1	6	1	1	1	1	2	3	6*1*1*1*1*2
6*1*2*1*1*1	3	369.666666666667	335	406.666666666667	125	27.6445694888204	49.6856786877936	51.1815939137846	36.8872154908264	1	0	1	6	1	2	1	1	1	5	6*1*2*1*1*1
6*2*1*1*1*1	6	321.166666666667	340.166666666667	388.5	203.833333333333	39.7886778982274	29.1742847194047	18.7505555473253	23.1834471600369	1	0	1	6	2	1	1	1	1	14	6*2*1*1*1*1
6*2*1*2*1*1	2	327	444.5	489	169	16	0.5	21	35	1	0	1	6	2	1	2	1	1	14	6*2*1*2*1*1
6*2*2*1*1*1	3	332.333333333333	355.333333333333	416.666666666667	216	27.8846831711525	42.6015127535266	15.5848929700813	37.1573231902766	1	0	1	6	2	2	1	1	1	14	6*2*2*1*1*1
6*2*2*2*1*1	1	329	385	434	209	0	0	0	0	1	0	1	6	2	2	2	1	1	1	6*2*2*2*1*1
6*3*1*2*1*1	2	284	322	421.5	271.5	23	16	6.5	4.5	1	0	1	6	3	1	2	1	1	14	6*3*1*2*1*1
6*3*2*2*2*1	1	243	322	450	292	0	0	0	0	1	0	1	6	3	2	2	2	1	14	6*3*2*2*2*1
7*1*1*1*1*1	12	451.666666666667	493.583333333333	632.5	232.25	41.219601593848	55.4308252589558	77.265235822242	78.3678558679088	1	0	1	7	1	1	1	1	1	14	7*1*1*1*1*1
7*1*2*1*1*1	3	428.666666666667	481.333333333333	521.333333333333	216.333333333333	6.94422221866655	23.2283351869125	74.1724716829334	12.8149218578274	1	0	1	7	1	2	1	1	1	14	7*1*2*1*1*1
7*1*3*1*1*1	1	453	465	589	197	0	0	0	0	1	0	1	7	1	3	1	1	1	1	7*1*3*1*1*1
7*1*3*1*1*2	1	412	492	515	225	0	0	0	0	1	0	1	7	1	3	1	1	2	1	7*1*3*1*1*2
7*2*1*1*1*1	3	423.333333333333	467.666666666667	564.666666666667	244.333333333333	35.311313893551	31.4572019664107	28.7672653471886	31.2018517968975	1	0	1	7	2	1	1	1	1	14	7*2*1*1*1*1
7*2*1*2*1*1	2	442	453	525.5	171	20	33	45.5	17	1	0	1	7	2	1	2	1	1	14	7*2*1*2*1*1
7*3*1*1*1*1	1	412	490	573	256	0	0	0	0	1	0	1	7	3	1	1	1	1	14	7*3*1*1*1*1
7*3*1*2*2*1	1	534	425	669	183	0	0	0	0	1	0	1	7	3	1	2	2	1	14	7*3*1*2*2*1
7*3*2*3*1*1	1	371	423	486	242	0	0	0	0	1	0	1	7	3	2	3	1	1	5	7*3*2*3*1*1
8*1*1*1*1*1	9	526.333333333333	603.222222222222	725.888888888889	335.222222222222	72.776675140078	88.5497697817169	73.930063715566	92.0830274839901	1	0	1	8	1	1	1	1	1	14	8*1*1*1*1*1
8*1*1*1*1*2	3	548.666666666667	664.666666666667	732.666666666667	252.333333333333	70.8347058690551	99.9877770307729	55.5117605157282	86.3416984364385	1	0	1	8	1	1	1	1	2	14	8*1*1*1*1*2
8*1*1*1*2*1	4	658.75	569.25	873	277	61.6618804448907	74.8477621575956	58.1979381078058	45.9292934846597	1	0	1	8	1	1	1	2	1	5	8*1*1*1*2*1
8*1*2*1*1*1	4	617	700.75	765	292.25	58.5619330282053	90.6018073771158	54.5985347788748	83.0131766649127	1	0	1	8	1	2	1	1	1	3	8*1*2*1*1*1
8*1*2*1*2*1	2	625.5	700	926.5	350	93.5	67	110.5	136	1	0	1	8	1	2	1	2	1	14	8*1*2*1*2*1
8*1*3*1*1*2	1	627	706	828	383	0	0	0	0	1	0	1	8	1	3	1	1	2	14	8*1*3*1*1*2
8*2*1*1*1*1	2	601.5	772	679.5	276.5	3.5	34	15.5	11.5	1	0	1	8	2	1	1	1	1	14	8*2*1*1*1*1
8*2*1*1*2*1	1	639	728	868	422	0	0	0	0	1	0	1	8	2	1	1	2	1	14	8*2*1*1*2*1
8*2*2*1*1*1	1	447	577	722	382	0	0	0	0	1	0	1	8	2	2	1	1	1	14	8*2*2*1*1*1
8*2*2*1*2*1	2	519.5	630	773.5	424	28.5	12	49.5	60	1	0	1	8	2	2	1	2	1	14	8*2*2*1*2*1
8*2*3*1*1*2	1	593	731	722	293	0	0	0	0	1	0	1	8	2	3	1	1	2	8	8*2*3*1*1*2
8*3*1*2*1*1	1	600	670	679	355	0	0	0	0	1	0	1	8	3	1	2	1	1	1	8*3*1*2*1*1
8*3*2*2*2*1	1	713	693	804	420	0	0	0	0	1	0	1	8	3	2	2	2	1	12	8*3*2*2*2*1
9*1*1*1*1*1	7	678.714285714286	850.714285714286	1046.71428571429	373.428571428571	98.920912545202	113.218769627294	76.8685599592192	108.389320959028	1	0	1	9	1	1	1	1	1	14	9*1*1*1*1*1
9*1*1*1*2*1	4	695.5	913.5	1054.75	451.75	57.781917586733	135.33384646865	111.522139057678	142.827474597852	1	0	1	9	1	1	1	2	1	14	9*1*1*1*2*1
9*1*2*1*1*1	1	711	745	875	428	0	0	0	0	1	0	1	9	1	2	1	1	1	1	9*1*2*1*1*1
9*1*2*1*1*2	1	787	900	822	276	0	0	0	0	1	0	1	9	1	2	1	1	2	14	9*1*2*1*1*2
9*1*2*1*2*1	1	730	789	1184	381	0	0	0	0	1	0	1	9	1	2	1	2	1	14	9*1*2*1*2*1
9*1*3*1*2*3	1	692	831	955	307	0	0	0	0	1	0	1	9	1	3	1	2	3	14	9*1*3*1*2*3
9*2*1*1*2*1	1	1024	870	770	334	0	0	0	0	1	0	1	9	2	1	1	2	1	14	9*2*1*1*2*1
9*2*2*1*1*1	1	787	841	991	628	0	0	0	0	1	0	1	9	2	2	1	1	1	3	9*2*2*1*1*1
9*2*2*1*2*2	1	774	923	1070	545	0	0	0	0	1	0	1	9	2	2	1	2	2	12	9*2*2*1*2*2
9*2*2*2*1*2	1	797	780	938	445	0	0	0	0	1	0	1	9	2	2	2	1	2	6	9*2*2*2*1*2
9*2*2*2*2*1	1	626	758	1059	558	0	0	0	0	1	0	1	9	2	2	2	2	1	3	9*2*2*2*2*1
9*3*2*1*2*1	1	806	897	1114	544	0	0	0	0	1	0	1	9	3	2	1	2	1	5	9*3*2*1*2*1
9*3*3*3*2*1	1	705	689	921	634	0	0	0	0	1	0	1	9	3	3	3	2	1	14	9*3*3*3*2*1
1*1*1*1*1*1	126	34.5238095238095	35.9206349206349	41.9365079365079	18.8968253968254	15.2896449478196	15.1937764904358	18.0645869615446	9.70994365559917	1	0	2	1	1	1	1	1	1	1	1*1*1*1*1*1
1*2*1*1*1*1	7	35.1428571428571	35.4285714285714	36.8571428571429	19.4285714285714	11.8010722446076	10.5945692672795	13.0977486770881	7.26748419541537	1	0	2	1	2	1	1	1	1	2	1*2*1*1*1*1
1*2*1*2*1*1	1	44	25	37	22	0	0	0	0	1	0	2	1	2	1	2	1	1	3	1*2*1*2*1*1
1*2*2*1*1*1	1	61	55	64	32	0	0	0	0	1	0	2	1	2	2	1	1	1	1	1*2*2*1*1*1
10*1*1*1*1*1	6	878.333333333333	1002.16666666667	1253.33333333333	583.333333333333	44.4659670109874	93.796618039008	118.747163708818	131.202980995945	1	0	2	10	1	1	1	1	1	2	10*1*1*1*1*1
10*1*1*1*1*2	4	895.75	1140.25	1343.5	569.75	78.9505383135543	107.322819101997	87.1249103299395	86.3550085403273	1	0	2	10	1	1	1	1	2	4	10*1*1*1*1*2
10*1*1*1*2*1	3	847.666666666667	1005	1359.66666666667	852.333333333333	118.032010724022	94.6713613859369	154.777977187396	114.697670227235	1	0	2	10	1	1	1	2	1	5	10*1*1*1*2*1
10*1*2*1*1*1	2	991	1124	1458.5	539.5	57	42	16.5	31.5	1	0	2	10	1	2	1	1	1	4	10*1*2*1*1*1
10*1*2*1*1*2	2	1042.5	1213.5	1184	488	44.5	25.5	6	49	1	0	2	10	1	2	1	1	2	6	10*1*2*1*1*2
10*1*2*1*2*1	2	972.5	1033.5	1273	523	70.5	106.5	49	27	1	0	2	10	1	2	1	2	1	5	10*1*2*1*2*1
10*1*2*1*2*2	3	1093	1202.33333333333	1291.66666666667	597.666666666667	148.602377728846	226.682352398436	123.532271986806	45.4923681023043	1	0	2	10	1	2	1	2	2	5	10*1*2*1*2*2
10*1*3*1*2*2	1	901	1015	1161	572	0	0	0	0	1	0	2	10	1	3	1	2	2	7	10*1*3*1*2*2
10*2*2*1*1*1	1	1002	1088	1200	640	0	0	0	0	1	0	2	10	2	2	1	1	1	8	10*2*2*1*1*1
10*2*2*1*2*1	2	955	1089	1349.5	778	29	67	60.5	150	1	0	2	10	2	2	1	2	1	8	10*2*2*1*2*1
10*2*2*3*2*1	1	958	1063	1016	597	0	0	0	0	1	0	2	10	2	2	3	2	1	7	10*2*2*3*2*1
10*2*3*1*2*1	2	976	1127.5	1404.5	651.5	31	57.5	165.5	10.5	1	0	2	10	2	3	1	2	1	2	10*2*3*1*2*1
10*3*2*2*2*1	1	888	1019	1486	1103	0	0	0	0	1	0	2	10	3	2	2	2	1	8	10*3*2*2*2*1
10*3*2*2*2*2	1	1101	1271	1423	594	0	0	0	0	1	0	2	10	3	2	2	2	2	8	10*3*2*2*2*2
10*3*2*3*2*1	1	857	1305	1242	665	0	0	0	0	1	0	2	10	3	2	3	2	1	8	10*3*2*3*2*1
11*1*1*1*1*1	2	1185.5	1702.5	1670	783	6.5	49.5	89	191	1	0	2	11	1	1	1	1	1	8	11*1*1*1*1*1
11*1*1*1*1*2	6	1167.66666666667	1344.16666666667	1584.83333333333	770.833333333333	119.485935945989	125.77548339093	153.647233044472	64.5688693480759	1	0	2	11	1	1	1	1	2	8	11*1*1*1*1*2
11*1*1*1*2*1	3	1292	1518.33333333333	1879.33333333333	841.333333333333	109.434912162436	191.802560520506	155.031896359713	115.914719609816	1	0	2	11	1	1	1	2	1	9	11*1*1*1*2*1
11*1*1*1*2*2	2	1081	1516	1691.5	940	93	111	87.5	40	1	0	2	11	1	1	1	2	2	8	11*1*1*1*2*2
11*1*2*1*1*1	1	1321	1492	1547	556	0	0	0	0	1	0	2	11	1	2	1	1	1	2	11*1*2*1*1*1
11*1*2*1*2*1	4	1188.75	1403.5	1686.25	758.75	100.909303337205	158.241113494566	146.806633024533	73.3531696656661	1	0	2	11	1	2	1	2	1	8	11*1*2*1*2*1
11*1*2*1*2*2	1	1409	1512	2012	769	0	0	0	0	1	0	2	11	1	2	1	2	2	9	11*1*2*1*2*2
11*1*3*1*2*2	1	1147	1254	1463	961	0	0	0	0	1	0	2	11	1	3	1	2	2	9	11*1*3*1*2*2
11*2*1*1*1*1	1	1078	1423	1675	1025	0	0	0	0	1	0	2	11	2	1	1	1	1	9	11*2*1*1*1*1
11*2*2*1*2*1	2	1132	1252.5	1854.5	1111	114	19.5	508.5	60	1	0	2	11	2	2	1	2	1	9	11*2*2*1*2*1
11*2*2*1*2*2	2	1325	1574	1739.5	804	52	5	32.5	117	1	0	2	11	2	2	1	2	2	9	11*2*2*1*2*2
11*2*2*2*2*2	1	1128	1289	1492	814	0	0	0	0	1	0	2	11	2	2	2	2	2	9	11*2*2*2*2*2
11*2*3*1*2*1	1	1019	1118	1625	852	0	0	0	0	1	0	2	11	2	3	1	2	1	9	11*2*3*1*2*1
11*3*3*2*2*2	1	1392	1382	1563	970	0	0	0	0	1	0	2	11	3	3	2	2	2	9	11*3*3*2*2*2
12*1*1*1*1*1	1	1217	1778	2307	1496	0	0	0	0	1	0	2	12	1	1	1	1	1	9	12*1*1*1*1*1
12*1*1*1*2*1	1	1437	1711	1971	1054	0	0	0	0	1	0	2	12	1	1	1	2	1	4	12*1*1*1*2*1
12*1*1*1*2*2	1	1803	2219	2406	756	0	0	0	0	1	0	2	12	1	1	1	2	2	9	12*1*1*1*2*2
12*1*2*1*2*2	1	1688	2139	2422	1354	0	0	0	0	1	0	2	12	1	2	1	2	2	9	12*1*2*1*2*2
12*1*3*1*2*2	1	1600	2048	2266	798	0	0	0	0	1	0	2	12	1	3	1	2	2	9	12*1*3*1*2*2
12*2*1*1*2*2	1	1749	2105	2450	1397	0	0	0	0	1	0	2	12	2	1	1	2	2	1	12*2*1*1*2*2
12*2*2*1*2*2	1	1483	1855	2165	1250	0	0	0	0	1	0	2	12	2	2	1	2	2	9	12*2*2*1*2*2
12*2*3*1*2*2	1	1617	1653	2029	906	0	0	0	0	1	0	2	12	2	3	1	2	2	9	12*2*3*1*2*2
12*3*3*3*2*1	1	1887	1777	1970	1027	0	0	0	0	1	0	2	12	3	3	3	2	1	8	12*3*3*3*2*1
12*3*3*3*2*2	1	1679	2140	2031	1064	0	0	0	0	1	0	2	12	3	3	3	2	2	9	12*3*3*3*2*2
13*1*1*1*2*2	3	2113	2833	2950.33333333333	1336.33333333333	208.019229880317	133.67373214909	111.122554966227	266.085616964832	1	0	2	13	1	1	1	2	2	4	13*1*1*1*2*2
13*1*2*1*2*2	1	2411	2876	3272	1050	0	0	0	0	1	0	2	13	1	2	1	2	2	10	13*1*2*1*2*2
13*1*3*1*2*2	1	2170	2561	3199	1263	0	0	0	0	1	0	2	13	1	3	1	2	2	9	13*1*3*1*2*2
13*2*3*1*2*1	1	2103	2042	3617	1190	0	0	0	0	1	0	2	13	2	3	1	2	1	10	13*2*3*1*2*1
13*3*3*1*2*2	1	2245	2349	2800	1754	0	0	0	0	1	0	2	13	3	3	1	2	2	8	13*3*3*1*2*2
14*1*1*1*2*1	1	2288	2725	4977	2581	0	0	0	0	1	0	2	14	1	1	1	2	1	10	14*1*1*1*2*1
14*1*1*1*2*2	1	2168	3066	4135	1622	0	0	0	0	1	0	2	14	1	1	1	2	2	10	14*1*1*1*2*2
14*1*2*1*2*2	3	2659.33333333333	3130.33333333333	3699.66666666667	1881.66666666667	126.175362976384	239.946290286435	317.282558963178	311.222678408171	1	0	2	14	1	2	1	2	2	7	14*1*2*1*2*2
14*1*2*1*2*3	1	2536	3374	3439	1310	0	0	0	0	1	0	2	14	1	2	1	2	3	10	14*1*2*1*2*3
14*1*3*1*2*2	1	2456	2927	3992	1520	0	0	0	0	1	0	2	14	1	3	1	2	2	10	14*1*3*1*2*2
14*2*2*1*2*2	2	2425	2933.5	3495	2087.5	56	255.5	196	95.5	1	0	2	14	2	2	1	2	2	10	14*2*2*1*2*2
15*1*1*1*2*2	2	2983.5	4565.5	5165	2756.5	57.5	53.5	279	408.5	1	0	2	15	1	1	1	2	2	7	15*1*1*1*2*2
15*1*1*1*2*3	1	3094	5008	5037	3618	0	0	0	0	1	0	2	15	1	1	1	2	3	10	15*1*1*1*2*3
15*1*2*1*2*2	1	3081	4009	4644	2615	0	0	0	0	1	0	2	15	1	2	1	2	2	4	15*1*2*1*2*2
15*2*2*1*2*2	2	3193.5	4050	4820	2944.5	39.5	68	363	459.5	1	0	2	15	2	2	1	2	2	10	15*2*2*1*2*2
15*2*2*1*2*3	1	3119	4070	4707	2818	0	0	0	0	1	0	2	15	2	2	1	2	3	11	15*2*2*1*2*3
17*1*1*1*2*2	1	6862	13231	10142	5312	0	0	0	0	1	0	2	17	1	1	1	2	2	11	17*1*1*1*2*2
17*1*2*1*3*3	1	8128	11265	13301	7683	0	0	0	0	1	0	2	17	1	2	1	3	3	11	17*1*2*1*3*3
17*2*1*1*2*2	1	6356	11204	9576	5778	0	0	0	0	1	0	2	17	2	1	1	2	2	10	17*2*1*1*2*2
17*2*1*1*3*3	1	9127	14825	15140	9563	0	0	0	0	1	0	2	17	2	1	1	3	3	11	17*2*1*1*3*3
17*2*3*1*3*2	1	7861	10452	12892	6577	0	0	0	0	1	0	2	17	2	3	1	3	2	11	17*2*3*1*3*2
17*2*3*2*3*2	1	8319	10551	11258	6888	0	0	0	0	1	0	2	17	2	3	2	3	2	6	17*2*3*2*3*2
18*2*3*1*3*3	1	19399	44263	39397	25575	0	0	0	0	1	0	2	18	2	3	1	3	3	11	18*2*3*1*3*3
2*1*1*1*1*1	126	77.984126984127	77.8333333333333	92.6031746031746	42.5476190476191	19.1435612811085	14.1717077865479	20.3894928454173	17.9202851906769	1	0	2	2	1	1	1	1	1	12	2*1*1*1*1*1
2*1*2*1*1*1	8	87.75	83.5	108.25	49.875	15.7619002661481	14.790199457749	17.9843682124227	14.3390855705655	1	0	2	2	1	2	1	1	1	12	2*1*2*1*1*1
2*2*1*1*1*1	8	74.625	68.5	82.875	41.75	13.6008961101833	9.61769203083567	16.7289980273775	16.0682139642214	1	0	2	2	2	1	1	1	1	12	2*2*1*1*1*1
2*2*1*2*1*1	4	68.75	59.5	90.75	51.5	6.05702071979286	16.6207701385947	19.382659776202	11.1018016555873	1	0	2	2	2	1	2	1	1	12	2*2*1*2*1*1
2*2*2*1*1*1	4	83.5	82	108.75	50	3.8405728739343	11.0227038425243	11.0312057364551	11.1803398874989	1	0	2	2	2	2	1	1	1	13	2*2*2*1*1*1
2*3*1*2*1*1	2	65	70	106	61	7	15	15	7	1	0	2	2	3	1	2	1	1	12	2*3*1*2*1*1
3*1*1*1*1*1	89	124.943820224719	128.808988764045	154.76404494382	68.2808988764045	23.2747920496928	22.0239279500317	23.9943918878015	20.0807296322322	1	0	2	3	1	1	1	1	1	12	3*1*1*1*1*1
3*1*2*1*1*1	27	137.851851851852	139.444444444444	152.259259259259	73.1481481481482	19.1769609141798	20.0819309484244	18.9767744841338	16.406195089398	1	0	2	3	1	2	1	1	1	13	3*1*2*1*1*1
3*2*1*1*1*1	8	142.75	133.375	165.125	79.875	24.7424230826328	20.1180112088646	16.404553483713	21.2628637535023	1	0	2	3	2	1	1	1	1	12	3*2*1*1*1*1
3*2*1*2*1*1	3	114	123	152.333333333333	84.3333333333333	15.8954920234218	4.32049379893857	11.5566238822398	4.78423336480244	1	0	2	3	2	1	2	1	1	13	3*2*1*2*1*1
3*2*2*1*1*1	5	124.4	109.6	141.2	64	12.3223374405995	10.2489023802552	18.7659265691838	14.3108350559987	1	0	2	3	2	2	1	1	1	8	3*2*2*1*1*1
4*1*1*1*1*1	45	174.6	188.933333333333	232.888888888889	95.6444444444444	26.0336534337982	30.7523440840965	32.5721232018507	25.6030862337211	1	0	2	4	1	1	1	1	1	12	4*1*1*1*1*1
4*1*2*1*1*1	33	184.484848484848	196.393939393939	227.484848484848	114.666666666667	25.0128708833178	29.1962423837325	37.4239602492123	23.3350648708173	1	0	2	4	1	2	1	1	1	2	4*1*2*1*1*1
4*2*1*1*1*1	3	162.333333333333	183.333333333333	222	141.333333333333	14.7044966667419	11.7851130197758	24.9131825880731	36.8178700572909	1	0	2	4	2	1	1	1	1	1	4*2*1*1*1*1
4*2*1*2*1*1	2	157	164	191.5	117	10	1	10.5	25	1	0	2	4	2	1	2	1	1	13	4*2*1*2*1*1
4*2*2*1*1*1	3	162	163.666666666667	221	126.666666666667	21.1817531537563	27.7408643620842	21.9696760710454	31.3723161756065	1	0	2	4	2	2	1	1	1	13	4*2*2*1*1*1
4*2*2*2*1*1	3	196.666666666667	199.333333333333	234.333333333333	147	8.73053390247253	10.6562449087639	22.1710521977545	14.1656862405839	1	0	2	4	2	2	2	1	1	12	4*2*2*2*1*1
4*2*3*1*1*1	1	164	171	223	107	0	0	0	0	1	0	2	4	2	3	1	1	1	13	4*2*3*1*1*1
4*3*1*2*1*1	1	209	147	204	134	0	0	0	0	1	0	2	4	3	1	2	1	1	13	4*3*1*2*1*1
4*3*2*2*1*1	1	153	170	183	118	0	0	0	0	1	0	2	4	3	2	2	1	1	12	4*3*2*2*1*1
4*3*3*2*1*1	1	178	162	201	106	0	0	0	0	1	0	2	4	3	3	2	1	1	12	4*3*3*2*1*1
5*1*1*1*1*1	35	255.657142857143	272.114285714286	319.542857142857	126.628571428571	38.543439580477	42.1485613572966	38.5985513104482	36.3915890708559	1	0	2	5	1	1	1	1	1	12	5*1*1*1*1*1
5*1*2*1*1*1	24	257.791666666667	266.625	310.625	132.5	31.6872466020988	45.4906698309298	42.7188604912007	29.6844515978764	1	0	2	5	1	2	1	1	1	13	5*1*2*1*1*1
5*1*3*1*1*1	1	256	270	295	211	0	0	0	0	1	0	2	5	1	3	1	1	1	14	5*1*3*1*1*1
5*2*1*1*1*1	4	225.5	253.5	335.75	130.75	26.119915773218	39.9155358225341	13.1220234720107	18.7666592658363	1	0	2	5	2	1	1	1	1	13	5*2*1*1*1*1
5*2*1*2*1*1	2	219.5	297	362.5	162	28.5	11	39.5	39	1	0	2	5	2	1	2	1	1	5	5*2*1*2*1*1
5*2*2*1*1*1	4	273	271.75	314	154.25	42.3615391599503	40.5177430269752	14.3003496460751	17.0788612032536	1	0	2	5	2	2	1	1	1	5	5*2*2*1*1*1
5*2*2*2*1*1	5	273.2	244.6	309.2	165.8	25.9491811046129	25.8193725717725	50.7598266348497	19.9939990997299	1	0	2	5	2	2	2	1	1	15	5*2*2*2*1*1
5*2*3*1*1*1	1	237	254	300	206	0	0	0	0	1	0	2	5	2	3	1	1	1	13	5*2*3*1*1*1
5*3*1*2*1*1	1	225	207	320	184	0	0	0	0	1	0	2	5	3	1	2	1	1	13	5*3*1*2*1*1
5*3*2*2*1*1	1	217	267	266	161	0	0	0	0	1	0	2	5	3	2	2	1	1	5	5*3*2*2*1*1
6*1*1*1*1*1	22	336	354.272727272727	452.818181818182	164.681818181818	39.4887786132166	51.3987812184667	52.1716017873503	40.2507892227948	1	0	2	6	1	1	1	1	1	4	6*1*1*1*1*1
6*1*1*1*1*2	3	367.333333333333	410.333333333333	487.333333333333	165.666666666667	6.84754619472471	34.08160142299	15.4560308258262	19.6015872373189	1	0	2	6	1	1	1	1	2	13	6*1*1*1*1*2
6*1*2*1*1*1	22	339.863636363636	350.590909090909	412.636363636364	205.318181818182	35.3904140263812	30.9231585634002	39.5112704916935	48.8870556985797	1	0	2	6	1	2	1	1	1	9	6*1*2*1*1*1
6*1*3*1*1*1	1	313	360	305	184	0	0	0	0	1	0	2	6	1	3	1	1	1	1	6*1*3*1*1*1
6*2*1*1*1*1	4	301.25	310.5	439.5	238.25	19.8415599185145	14.1509716980849	68.6094016881069	27.3804218375101	1	0	2	6	2	1	1	1	1	14	6*2*1*1*1*1
6*2*1*1*1*2	1	304	323	492	216	0	0	0	0	1	0	2	6	2	1	1	1	2	12	6*2*1*1*1*2
6*2*1*2*1*1	1	289	301	421	268	0	0	0	0	1	0	2	6	2	1	2	1	1	13	6*2*1*2*1*1
6*2*2*1*1*1	10	332.7	323.4	401.8	225.4	47.1106145152024	45.7060171093479	39.6	32.6165602110339	1	0	2	6	2	2	1	1	1	9	6*2*2*1*1*1
6*2*2*2*1*1	2	384	343.5	376.5	193	23	47.5	18.5	15	1	0	2	6	2	2	2	1	1	8	6*2*2*2*1*1
6*3*2*3*1*1	2	396	342	417	253.5	4	23	12	34.5	1	0	2	6	3	2	3	1	1	13	6*3*2*3*1*1
6*3*3*1*1*1	1	374	357	330	201	0	0	0	0	1	0	2	6	3	3	1	1	1	9	6*3*3*1*1*1
6*3*3*2*1*1	1	438	373	434	261	0	0	0	0	1	0	2	6	3	3	2	1	1	14	6*3*3*2*1*1
7*1*1*1*1*1	23	428.04347826087	469.217391304348	579.217391304348	239.826086956522	49.935156440841	62.2484199357627	58.3251430022952	55.2407003181948	1	0	2	7	1	1	1	1	1	14	7*1*1*1*1*1
7*1*1*1*1*2	2	507.5	558	567	227	1.5	8	18	39	1	0	2	7	1	1	1	1	2	5	7*1*1*1*1*2
7*1*2*1*1*1	16	448.375	471.125	538	231.3125	45.7108780816995	55.0657277714551	76.9975648965602	51.2746510836495	1	0	2	7	1	2	1	1	1	14	7*1*2*1*1*1
7*1*3*1*1*1	3	494.333333333333	553	635.666666666667	248.666666666667	5.55777733351102	17.5689119374726	39.0754256392543	45.2057026884392	1	0	2	7	1	3	1	1	1	13	7*1*3*1*1*1
7*2*1*1*1*1	2	405.5	416	570.5	247	22.5	43	26.5	12	1	0	2	7	2	1	1	1	1	14	7*2*1*1*1*1
7*2*2*1*1*1	6	438	453.833333333333	526.666666666667	267	37.1169323445064	42.22722923528	53.6708072936821	42.5362590425314	1	0	2	7	2	2	1	1	1	13	7*2*2*1*1*1
7*2*2*2*1*1	2	472.5	427	493	281.5	13.5	13	57	44.5	1	0	2	7	2	2	2	1	1	9	7*2*2*2*1*1
7*2*3*1*1*1	2	435.5	473	535.5	297	73.5	25	72.5	27	1	0	2	7	2	3	1	1	1	12	7*2*3*1*1*1
7*3*2*2*1*1	1	443	365	542	278	0	0	0	0	1	0	2	7	3	2	2	1	1	13	7*3*2*2*1*1
7*3*2*3*1*1	2	450.5	491	533	281.5	41.5	87	66	12.5	1	0	2	7	3	2	3	1	1	13	7*3*2*3*1*1
7*3*3*2*1*1	1	463	404	493	300	0	0	0	0	1	0	2	7	3	3	2	1	1	14	7*3*3*2*1*1
8*1*1*1*1*1	21	543.333333333333	634.47619047619	782.190476190476	355.952380952381	73.8127188248574	92.2060937184786	102.264651551336	93.4229890085061	1	0	2	8	1	1	1	1	1	8	8*1*1*1*1*1
8*1*1*1*1*2	3	560	796.333333333333	811	259.333333333333	18.0554700852678	88.9993757780856	133.693679730943	41.4916323558806	1	0	2	8	1	1	1	1	2	8	8*1*1*1*1*2
8*1*2*1*1*1	11	563.909090909091	624.272727272727	720.818181818182	330.818181818182	55.8039662087571	90.0647150251528	99.7458754506746	53.0673982811536	1	0	2	8	1	2	1	1	1	8	8*1*2*1*1*1
8*1*2*1*1*2	2	573.5	689.5	738.5	423	58.5	38.5	11.5	98	1	0	2	8	1	2	1	1	2	13	8*1*2*1*1*2
8*1*3*1*1*1	2	549	637.5	698	302	44	6.5	29	50	1	0	2	8	1	3	1	1	1	9	8*1*3*1*1*1
8*2*1*1*1*1	3	556.333333333333	634	721.333333333333	413	31.084115271666	55.8987179340159	45.183576170502	59.2114853723498	1	0	2	8	2	1	1	1	1	13	8*2*1*1*1*1
8*2*2*1*1*1	2	558.5	670	722	320.5	58.5	162	52	63.5	1	0	2	8	2	2	1	1	1	9	8*2*2*1*1*1
8*2*2*1*1*2	1	595	616	740	363	0	0	0	0	1	0	2	8	2	2	1	1	2	14	8*2*2*1*1*2
8*2*2*2*1*1	1	609	523	577	316	0	0	0	0	1	0	2	8	2	2	2	1	1	7	8*2*2*2*1*1
8*2*3*1*1*1	1	536	572	600	329	0	0	0	0	1	0	2	8	2	3	1	1	1	13	8*2*3*1*1*1
8*2*3*2*1*1	1	710	667	760	416	0	0	0	0	1	0	2	8	2	3	2	1	1	14	8*2*3*2*1*1
8*3*3*2*2*1	1	729	633	740	399	0	0	0	0	1	0	2	8	3	3	2	2	1	7	8*3*3*2*2*1
8*3*3*3*1*1	1	541	526	655	332	0	0	0	0	1	0	2	8	3	3	3	1	1	13	8*3*3*3*1*1
8*3*3*3*2*1	1	581	619	738	399	0	0	0	0	1	0	2	8	3	3	3	2	1	12	8*3*3*3*2*1
9*1*1*1*1*1	10	720	828.6	1060.9	477.7	85.9464949837979	111.882259541001	77.6588050384501	120.664037724585	1	0	2	9	1	1	1	1	1	14	9*1*1*1*1*1
9*1*1*1*1*2	4	731	872	1043.75	487.75	49.9349576949856	40.0312378024962	83.4696801239827	75.8003133238907	1	0	2	9	1	1	1	1	2	15	9*1*1*1*1*2
9*1*2*1*1*1	6	698.5	739.5	960.833333333333	409.333333333333	64.2099421169858	56.7325597283723	52.8091427269517	52.5663601766588	1	0	2	9	1	2	1	1	1	8	9*1*2*1*1*1
9*1*2*1*2*1	1	692	843	1039	503	0	0	0	0	1	0	2	9	1	2	1	2	1	10	9*1*2*1*2*1
9*1*3*1*1*1	3	822.666666666667	893.666666666667	997	397.333333333333	83.0033466527438	86.5345146298413	68.4738392867427	107.506072179926	1	0	2	9	1	3	1	1	1	14	9*1*3*1*1*1
9*1*3*1*2*1	1	732	829	861	525	0	0	0	0	1	0	2	9	1	3	1	2	1	8	9*1*3*1*2*1
9*2*2*1*1*1	5	706.4	778.4	912.8	480.2	66.2256747794992	101.52753321144	75.4702590428839	91.4973223651927	1	0	2	9	2	2	1	1	1	13	9*2*2*1*1*1
9*2*2*1*2*1	2	869.5	876.5	1142.5	491.5	24.5	63.5	50.5	41.5	1	0	2	9	2	2	1	2	1	1	9*2*2*1*2*1
9*2*2*2*2*1	1	754	754	920	528	0	0	0	0	1	0	2	9	2	2	2	2	1	15	9*2*2*2*2*1
9*2*3*1*1*1	4	697.75	801	892.75	415.75	68.9034650797767	44.4578452019438	75.6352265812697	58.1350797711674	1	0	2	9	2	3	1	1	1	2	9*2*3*1*1*1
9*2*3*1*2*1	2	772.5	891	1069	498.5	71.5	76	27	87.5	1	0	2	9	2	3	1	2	1	14	9*2*3*1*2*1
9*3*2*3*2*1	2	648	766.5	941	586.5	5	71.5	64	40.5	1	0	2	9	3	2	3	2	1	14	9*3*2*3*2*1
9*3*3*3*2*1	1	862	851	1038	574	0	0	0	0	1	0	2	9	3	3	3	2	1	8	9*3*3*3*2*1
1*1*1*1*1*1	8	39.625	38.25	52.125	15.625	12.1751540031328	9.53611556138033	11.9941391937896	4.49826355386165	1	0	3	1	1	1	1	1	1	1	1*1*1*1*1*1
10*1*1*1*1*1	8	965.75	1177.75	1442.25	467.875	101.425773351747	132.97062645562	109.066206957059	107.83950748682	1	0	3	10	1	1	1	1	1	2	10*1*1*1*1*1
10*1*1*1*1*2	5	928.4	1046	1282.8	495.4	55.6726144527091	62.9285308902091	74.9917328776979	131.673231903831	1	0	3	10	1	1	1	1	2	3	10*1*1*1*1*2
10*1*1*1*2*1	1	970	1141	1223	576	0	0	0	0	1	0	3	10	1	1	1	2	1	3	10*1*1*1*2*1
10*1*1*1*2*2	1	996	1109	1120	422	0	0	0	0	1	0	3	10	1	1	1	2	2	4	10*1*1*1*2*2
10*1*2*1*1*1	1	1264	1131	1437	430	0	0	0	0	1	0	3	10	1	2	1	1	1	5	10*1*2*1*1*1
10*1*2*1*2*2	1	1034	1187	1284	523	0	0	0	0	1	0	3	10	1	2	1	2	2	5	10*1*2*1*2*2
11*1*1*1*1*1	2	1136.5	1431	1727	574.5	18.5	122	39	40.5	1	0	3	11	1	1	1	1	1	6	11*1*1*1*1*1
11*1*1*1*1*2	3	1224.66666666667	1585.33333333333	1766.66666666667	652	29.227080289044	140.42158745087	200.150498930735	88.7280489285472	1	0	3	11	1	1	1	1	2	5	11*1*1*1*1*2
11*1*1*1*2*1	1	1098	1366	2122	922	0	0	0	0	1	0	3	11	1	1	1	2	1	5	11*1*1*1*2*1
11*1*1*1*2*2	3	1330	1500.66666666667	1770.66666666667	836	109.736046949031	84.6259744732996	88.4772412670186	9.89949493661167	1	0	3	11	1	1	1	2	2	5	11*1*1*1*2*2
11*1*2*1*2*1	1	1141	1360	1773	519	0	0	0	0	1	0	3	11	1	2	1	2	1	4	11*1*2*1*2*1
11*1*2*1*2*2	2	1238.5	1496	1560	652.5	17.5	70	45	0.5	1	0	3	11	1	2	1	2	2	6	11*1*2*1*2*2
11*2*1*1*1*2	1	1110	1423	1601	723	0	0	0	0	1	0	3	11	2	1	1	1	2	5	11*2*1*1*1*2
11*2*2*1*2*1	1	1139	1374	1756	756	0	0	0	0	1	0	3	11	2	2	1	2	1	7	11*2*2*1*2*1
12*1*1*1*1*1	2	1572.5	2156	2347.5	794.5	61.5	281	307.5	92.5	1	0	3	12	1	1	1	1	1	7	12*1*1*1*1*1
12*1*1*1*2*1	1	1625	2187	2539	1210	0	0	0	0	1	0	3	12	1	1	1	2	1	7	12*1*1*1*2*1
12*1*1*1*2*2	4	1486.25	1937.25	2036	997.5	93.9664168732638	54.3846255848103	148.241357252286	109.145545030478	1	0	3	12	1	1	1	2	2	6	12*1*1*1*2*2
12*1*2*1*2*2	3	1690	1934	2249.66666666667	1017	110.417389934738	72.8422954058972	120.999540862306	87.9242097869902	1	0	3	12	1	2	1	2	2	3	12*1*2*1*2*2
12*2*1*1*2*2	1	1649	2236	2441	1242	0	0	0	0	1	0	3	12	2	1	1	2	2	1	12*2*1*1*2*2
12*2*2*1*2*1	1	1507	1655	2024	929	0	0	0	0	1	0	3	12	2	2	1	2	1	4	12*2*2*1*2*1
13*1*1*1*1*2	1	2271	3030	3087	739	0	0	0	0	1	0	3	13	1	1	1	1	2	5	13*1*1*1*1*2
13*1*1*1*2*1	1	1922	2468	3485	1488	0	0	0	0	1	0	3	13	1	1	1	2	1	5	13*1*1*1*2*1
13*1*1*1*2*2	5	1928.2	2502	2968.6	1522	207.453512864931	214.084095625995	295.959862143501	192.49207775906	1	0	3	13	1	1	1	2	2	7	13*1*1*1*2*2
13*1*2*1*2*1	1	1885	2312	3027	1210	0	0	0	0	1	0	3	13	1	2	1	2	1	8	13*1*2*1*2*1
13*2*2*1*2*2	1	2018	2465	2739	1075	0	0	0	0	1	0	3	13	2	2	1	2	2	7	13*2*2*1*2*2
14*1*1*1*1*2	1	1724	3101	3450	2154	0	0	0	0	1	0	3	14	1	1	1	1	2	2	14*1*1*1*1*2
14*1*1*1*2*2	1	2440	3030	3888	2344	0	0	0	0	1	0	3	14	1	1	1	2	2	7	14*1*1*1*2*2
14*1*2*1*2*2	2	2823	3458.5	3858	1677.5	480	403.5	426	202.5	1	0	3	14	1	2	1	2	2	7	14*1*2*1*2*2
14*2*1*1*2*2	1	2781	3932	4153	2064	0	0	0	0	1	0	3	14	2	1	1	2	2	2	14*2*1*1*2*2
14*2*2*1*2*2	1	2378	3266	3504	1525	0	0	0	0	1	0	3	14	2	2	1	2	2	2	14*2*2*1*2*2
15*1*1*1*2*1	2	3274.5	3941.5	6023.5	3934	764.5	249.5	1073.5	1109	1	0	3	15	1	1	1	2	1	7	15*1*1*1*2*1
15*1*1*1*2*2	4	3282.25	4947.75	6036	3182.5	264.590603574655	246.58809277822	733.065140352479	182.932364550399	1	0	3	15	1	1	1	2	2	9	15*1*1*1*2*2
15*1*1*1*2*3	1	3198	4302	5256	2148	0	0	0	0	1	0	3	15	1	1	1	2	3	4	15*1*1*1*2*3
15*2*1*1*2*2	1	3211	5656	5191	2212	0	0	0	0	1	0	3	15	2	1	1	2	2	8	15*2*1*1*2*2
15*2*1*1*2*3	1	3502	4113	5939	3100	0	0	0	0	1	0	3	15	2	1	1	2	3	4	15*2*1*1*2*3
18*1*1*1*3*3	1	28161	50349	53734	34314	0	0	0	0	1	0	3	18	1	1	1	3	3	8	18*1*1*1*3*3
2*1*1*1*1*1	29	79.6551724137931	77.4827586206897	103.655172413793	39.3448275862069	17.7749840914987	21.5768405370765	21.2299006154689	9.76720713997103	1	0	3	2	1	1	1	1	1	10	2*1*1*1*1*1
2*1*2*1*1*1	1	96	81	107	29	0	0	0	0	1	0	3	2	1	2	1	1	1	8	2*1*2*1*1*1
3*1*1*1*1*1	20	132.35	134.35	168.55	59.25	27.4413465413051	23.8689652058903	23.4829193244792	15.1191104235666	1	0	3	3	1	1	1	1	1	10	3*1*1*1*1*1
3*1*2*1*1*1	4	122.5	125.5	160.5	75.25	23.8065117142348	17.6139149538085	31.2209865314983	10.6858551365813	1	0	3	3	1	2	1	1	1	11	3*1*2*1*1*1
3*2*2*1*1*1	1	145	148	195	78	0	0	0	0	1	0	3	3	2	2	1	1	1	2	3*2*2*1*1*1
4*1*1*1*1*1	31	188.516129032258	201.193548387097	242.516129032258	78.258064516129	28.8174129345681	31.2703294956063	31.3120310462515	19.02285169412	1	0	3	4	1	1	1	1	1	10	4*1*1*1*1*1
4*1*1*1*1*2	1	236	190	265	115	0	0	0	0	1	0	3	4	1	1	1	1	2	1	4*1*1*1*1*2
4*1*2*1*1*1	8	191.25	190.75	238.125	94.625	22.2471908339008	21.5217912823259	20.0339555505147	4.44233891097922	1	0	3	4	1	2	1	1	1	10	4*1*2*1*1*1
4*2*2*1*1*1	2	200.5	175.5	223	107.5	2.5	6.5	23	0.5	1	0	3	4	2	2	1	1	1	2	4*2*2*1*1*1
5*1*1*1*1*1	17	259.588235294118	279.823529411765	326.705882352941	115.235294117647	40.9405003324831	41.7615574621074	51.9238862701736	30.9506807142945	1	0	3	5	1	1	1	1	1	10	5*1*1*1*1*1
5*1*1*1*1*2	1	320	253	332	93	0	0	0	0	1	0	3	5	1	1	1	1	2	10	5*1*1*1*1*2
5*1*2*1*1*1	11	288.181818181818	271	310.454545454545	110.090909090909	37.5010743647752	29.6065103405561	23.0704992118571	17.1170013593851	1	0	3	5	1	2	1	1	1	11	5*1*2*1*1*1
5*2*2*1*1*1	3	279.333333333333	295.666666666667	344.666666666667	141	32.2628096868343	33.9050963065371	14.8847423745107	25.4689353265241	1	0	3	5	2	2	1	1	1	6	5*2*2*1*1*1
6*1*1*1*1*1	31	328.064516129032	353.354838709677	441.225806451613	145.709677419355	38.3918132098506	40.2264143576178	51.9017121213147	31.8941733463078	1	0	3	6	1	1	1	1	1	3	6*1*1*1*1*1
6*1*1*1*1*2	1	325	399	432	103	0	0	0	0	1	0	3	6	1	1	1	1	2	10	6*1*1*1*1*2
6*1*2*1*1*1	8	339.125	357.875	428	160	34.3053840526527	42.741775524655	57.6974869470066	34.8353268967007	1	0	3	6	1	2	1	1	1	3	6*1*2*1*1*1
6*2*1*1*1*1	2	328	334.5	389.5	186.5	53	25.5	16.5	5.5	1	0	3	6	2	1	1	1	1	6	6*2*1*1*1*1
6*2*2*1*1*1	1	390	354	547	139	0	0	0	0	1	0	3	6	2	2	1	1	1	6	6*2*2*1*1*1
7*1*1*1*1*1	16	429.4375	463	563.875	200.3125	41.9210101709155	35.213633723318	54.8610460618461	56.2502430550304	1	0	3	7	1	1	1	1	1	6	7*1*1*1*1*1
7*1*1*1*1*2	2	412	546	617	209.5	22	16	29	11.5	1	0	3	7	1	1	1	1	2	4	7*1*1*1*1*2
7*1*2*1*1*1	4	439.75	484.5	592.25	251.75	60.4788186061864	59.0529423483708	74.1699905622213	38.7193427113633	1	0	3	7	1	2	1	1	1	6	7*1*2*1*1*1
7*2*1*1*1*1	2	409.5	460	562.5	266.5	0.5	3	49.5	37.5	1	0	3	7	2	1	1	1	1	10	7*2*1*1*1*1
8*1*1*1*1*1	17	569.411764705882	645.294117647059	801.647058823529	306	67.7521945149505	102.825245644581	76.8451010160896	72.5153127845098	1	0	3	8	1	1	1	1	1	5	8*1*1*1*1*1
8*1*1*1*1*2	4	560.75	717.5	746	256.5	37.897064530119	75.6785967100342	110.611934256661	26.8374738006393	1	0	3	8	1	1	1	1	2	10	8*1*1*1*1*2
8*1*2*1*1*1	8	618.375	629.25	715.5	279	56.2959534513805	50.4523289848942	64.5600495662759	44.3874982399324	1	0	3	8	1	2	1	1	1	3	8*1*2*1*1*1
8*2*2*1*1*1	1	542	637	654	221	0	0	0	0	1	0	3	8	2	2	1	1	1	1	8*2*2*1*1*1
9*1*1*1*1*1	8	735	847.5	1124.25	466.375	105.853672586264	92.3701791705527	126.400899917683	80.6674306954176	1	0	3	9	1	1	1	1	1	11	9*1*1*1*1*1
9*1*1*1*1*2	5	760.2	843.2	1060.6	428.2	56.2366428585491	93.4374657190573	78.2830760765058	72.5104130452999	1	0	3	9	1	1	1	1	2	6	9*1*1*1*1*2
9*1*2*1*1*1	3	748.333333333333	756.333333333333	1008	334.333333333333	46.6571418851272	55.1744707470966	112.892279039209	52.4997354490689	1	0	3	9	1	2	1	1	1	6	9*1*2*1*1*1
9*1*2*1*2*1	1	860	985	1068	487	0	0	0	0	1	0	3	9	1	2	1	2	1	3	9*1*2*1*2*1
9*1*3*1*1*2	1	949	981	962	390	0	0	0	0	1	0	3	9	1	3	1	1	2	6	9*1*3*1*1*2
9*2*2*1*1*1	1	691	742	871	437	0	0	0	0	1	0	3	9	2	2	1	1	1	5	9*2*2*1*1*1
