STRATO	M1	M2	M3	M4	S1	S2	S3	S4	N	DOM1	COST	CENS	SOLUZ
1	43.4380952380952	57.9333333333333	76.7619047619048	44.8	38.3345913108688	54.1004438741663	62.1702293741011	35.74177353298	105	7	1	0	3.27264023043029
2	464.333333333333	638.466666666667	769.4	377.533333333333	152.717235211208	199.426577793823	235.740266766202	162.036918289904	15	7	1	0	2
3	1090.1	1609.1	1804.4	911.9	681.606485444497	996.531565480994	1114.96351464969	706.210145070148	10	7	1	0	5.54181268345175
4	374.185185185185	502.703703703703	606.925925925926	268.37037037037	249.347642056673	346.718162896274	401.99422881003	214.725881441784	27	7	1	0	5.47377772671657
5	152.272727272728	205.072727272727	260.309090909091	128.363636363636	81.3642158469918	113.48321303187	121.021606377889	74.3294808820229	55	7	1	0	3.63843198595124
6	226.125	273	343.25	167.875	28.8027030524047	47.9873030081917	60.9254795836684	24.9048580225827	8	7	1	0	2
7	1081.66666666667	1614.33333333333	1836.33333333333	883.333333333333	81.6178425481967	181.595169416908	176.433572642951	89.7337109947476	3	7	1	0	2
8	985.5	1519	1961.5	1168	132.5	365	127.5	25	2	7	1	0	2
9	1069	1675	2173.5	1369.5	57	52	104.5	31.5	2	7	1	0	2
