STRATO	M1	M2	M3	M4	S1	S2	S3	S4	N	DOM1	COST	CENS	SOLUZ
1	301.578947368421	326.270676691729	395.639097744361	152.330827067669	317.313232026438	367.05261782132	437.591830527913	184.966968806177	133	3	1	0	11.1012641039021
2	1572.5	2156	2347.5	794.5	61.5	281	307.5	92.5	2	3	1	0	2
3	845.769230769231	1063.03846153846	1280.23076923077	605.461538461538	574.659755189353	857.926245441678	1059.32247243402	646.104296602319	26	3	1	0	4.3143947204369
4	955.615384615385	1146.42307692308	1412.03846153846	554.615384615385	324.037114674215	393.186022530824	483.293442535312	219.950946790603	26	3	1	0	2.26463200901824
5	1825.375	2352.75	2679.75	1175.625	781.199208348933	993.27156722117	1116.40378279993	542.627361201958	8	3	1	0	2
6	1638.83333333333	2000.66666666667	2432.66666666667	1126.66666666666	639.588054633314	825.433533677013	1073.25770955121	650.285549813537	6	3	1	0	2
7	969.875	1185.875	1331.875	552.875	774.383507037839	1131.03327864037	1207.06985747218	571.332617887642	16	3	1	0	3.37501710798464
8	297	316.908045977011	387.252873563218	131.356321839081	87.3475231337953	93.0835627507904	118.180793460166	44.6838349480401	87	3	1	0	2
9	1425.71428571428	1749.85714285714	1943.71428571428	867.571428571429	106.20501715519	276.591655473463	223.467651760204	204.827857595508	7	3	1	0	2
