STRATO	N	M1	M2	M3	M4	S1	S2	S3	S4	COST	CENS	DOM1	X1	X2	X3	X4	X5	X6
1*1*1*1*1*1	184	48.3152173913044	49.4021739130435	61.4402173913044	28.4076086956522	26.8153627884181	28.4983065029305	32.6306189889943	14.6392172344762	1	0	1	1	1	1	1	1	1
1*1*1*1*1*2	1	98	106	116	43	0	0	0	0	1	0	1	1	1	1	1	1	2
1*1*1*2*1*1	2	57	64	70	50	4	0	1	15	1	0	1	1	1	1	2	1	1
1*1*2*1*1*1	11	77.7272727272727	81.1818181818182	92.3636363636364	47	15.249983064616	18.6976818291767	17.0308422215949	11.1273618534755	1	0	1	1	1	2	1	1	1
1*2*1*1*1*1	9	58.2222222222222	61.5555555555556	66.7777777777778	36.2222222222222	25.4636026855666	20.2710034346333	24.8988075474299	15.4975107519296	1	0	1	1	2	1	1	1	1
1*2*1*2*1*1	8	61	68	84.625	58.375	24.5662369930765	19.4807597387782	26.3530714528686	26.5562492645328	1	0	1	1	2	1	2	1	1
1*2*1*3*1*1	1	48	70	63	31	0	0	0	0	1	0	1	1	2	1	3	1	1
1*2*2*1*1*1	1	90	80	99	59	0	0	0	0	1	0	1	1	2	2	1	1	1
1*3*1*2*1*1	1	20	23	23	12	0	0	0	0	1	0	1	1	3	1	2	1	1
10*1*1*1*1*1	1	1686	2174	2397	964	0	0	0	0	1	0	1	10	1	1	1	1	1
10*1*1*1*1*2	1	1980	2379	2474	665	0	0	0	0	1	0	1	10	1	1	1	1	2
10*1*1*1*2*1	3	2006.33333333333	2198.66666666667	2847.33333333333	1121.66666666667	277.407442021459	88.2131257554994	131.621511244258	121.205977117009	1	0	1	10	1	1	1	2	1
10*1*2*1*2*1	1	1800	2001	3045	1424	0	0	0	0	1	0	1	10	1	2	1	2	1
10*1*3*1*2*2	1	1724	2089	2261	1220	0	0	0	0	1	0	1	10	1	3	1	2	2
10*2*1*2*2*1	1	1811	2013	2488	1203	0	0	0	0	1	0	1	10	2	1	2	2	1
10*2*2*1*2*3	1	2088	2182	2449	1236	0	0	0	0	1	0	1	10	2	2	1	2	3
11*1*1*1*2*1	4	2312	2732.25	3448.25	1820.75	353.331996852818	394.992009412849	8.78564169540279	392.040415646142	1	0	1	11	1	1	1	2	1
11*1*1*1*2*2	1	2320	3548	3309	1050	0	0	0	0	1	0	1	11	1	1	1	2	2
11*1*2*1*2*1	1	2203	2551	3176	1146	0	0	0	0	1	0	1	11	1	2	1	2	1
11*1*2*1*2*2	1	2716	3418	2923	606	0	0	0	0	1	0	1	11	1	2	1	2	2
11*2*1*1*2*2	1	2836	3353	3692	1709	0	0	0	0	1	0	1	11	2	1	1	2	2
12*1*1*1*2*1	1	3057	3156	4116	1812	0	0	0	0	1	0	1	12	1	1	1	2	1
12*1*1*1*2*2	1	2940	4388	4408	2418	0	0	0	0	1	0	1	12	1	1	1	2	2
12*1*2*1*2*3	1	3156	3943	4918	2300	0	0	0	0	1	0	1	12	1	2	1	2	3
12*2*1*1*2*3	1	3359	4170	4509	1895	0	0	0	0	1	0	1	12	2	1	1	2	3
12*2*2*1*2*3	1	3419	4288	4522	2132	0	0	0	0	1	0	1	12	2	2	1	2	3
13*1*1*1*1*2	1	3772	6102	5354	2362	0	0	0	0	1	0	1	13	1	1	1	1	2
13*1*1*1*2*1	3	3454.66666666667	4709	5289	2765.66666666667	256.008246394959	476.961913224386	420.48860468111	309.128164718491	1	0	1	13	1	1	1	2	1
13*1*1*1*2*2	2	3931.5	5750	5439.5	2173	184.5	474	256.5	197	1	0	1	13	1	1	1	2	2
13*1*2*1*2*2	1	4424	5800	7121	2203	0	0	0	0	1	0	1	13	1	2	1	2	2
14*1*1*1*2*2	2	6658	8303.5	8961	3701	861	622.5	532	80	1	0	1	14	1	1	1	2	2
14*1*2*1*2*2	1	5796	7279	7126	4175	0	0	0	0	1	0	1	14	1	2	1	2	2
14*1*3*1*2*3	1	6732	7998	8492	3949	0	0	0	0	1	0	1	14	1	3	1	2	3
14*2*1*1*2*1	1	4790	6615	6931	4118	0	0	0	0	1	0	1	14	2	1	1	2	1
17*1*1*1*3*2	1	32429	60074	57063	28398	0	0	0	0	1	0	1	17	1	1	1	3	2
17*2*2*1*3*2	1	24291	44202	35421	21000	0	0	0	0	1	0	1	17	2	2	1	3	2
2*1*1*1*1*1	67	133.970149253731	137.805970149254	172.223880597015	64.8358208955224	34.7416779036335	32.4295971348314	42.3943184364041	20.3202692828888	1	0	1	2	1	1	1	1	1
2*1*1*2*1*1	2	111.5	103	120.5	65.5	9.5	7	4.5	3.5	1	0	1	2	1	1	2	1	1
2*1*2*1*1*1	27	139.185185185185	140.259259259259	165.555555555556	69.5925925925926	27.0103368923785	35.522129349539	38.2587035203982	16.9951175107555	1	0	1	2	1	2	1	1	1
2*2*1*1*1*1	16	134.8125	134.6875	176.0625	92.375	34.0591741495592	33.6539721838299	31.71448555077	18.6073742102426	1	0	1	2	2	1	1	1	1
2*2*1*2*1*1	6	121.666666666667	118.166666666667	164.166666666667	92.6666666666667	25.6753232155356	29.0368539771252	32.5648924798198	8.5374989832438	1	0	1	2	2	1	2	1	1
2*2*2*1*1*1	1	169	188	259	80	0	0	0	0	1	0	1	2	2	2	1	1	1
2*2*2*2*1*1	2	133.5	136	147	97	43.5	45	27	30	1	0	1	2	2	2	2	1	1
3*1*1*1*1*1	45	245.044444444444	253.777777777778	316.688888888889	110.2	46.6871172121416	47.2162349145521	57.1714078586771	39.4098690403531	1	0	1	3	1	1	1	1	1
3*1*1*1*1*2	1	232	260	297	115	0	0	0	0	1	0	1	3	1	1	1	1	2
3*1*1*2*1*1	2	213	254	242.5	96.5	4	27	3.5	9.5	1	0	1	3	1	1	2	1	1
3*1*2*1*1*1	8	248.625	251.75	312.875	128.875	57.7752920806118	26.1043578737344	46.4446915696509	25.5608954264126	1	0	1	3	1	2	1	1	1
3*2*1*1*1*1	10	235.2	241.2	303.3	144.1	41.8588103032086	36.6136586535681	56.1089119481032	40.6385285166675	1	0	1	3	2	1	1	1	1
3*2*1*1*2*1	1	212	234	353	194	0	0	0	0	1	0	1	3	2	1	1	2	1
3*2*1*2*1*1	3	204	240.333333333333	303	177.333333333333	33.7441352929167	34.7594911099432	52.1791784782653	34.5864456430872	1	0	1	3	2	1	2	1	1
3*2*2*1*1*1	3	261.333333333333	261	327	146.333333333333	42.7577153531643	28.3313724811677	48.1940521918075	16.8588914885357	1	0	1	3	2	2	1	1	1
3*2*2*2*1*1	1	168	213	302	218	0	0	0	0	1	0	1	3	2	2	2	1	1
3*3*1*2*1*1	1	190	172	254	179	0	0	0	0	1	0	1	3	3	1	2	1	1
3*3*2*2*1*1	1	203	230	365	277	0	0	0	0	1	0	1	3	3	2	2	1	1
4*1*1*1*1*1	18	371.111111111111	400.777777777778	505.333333333333	179.833333333333	59.0563656263036	68.0967902291009	69.2555653600007	42.5352794748077	1	0	1	4	1	1	1	1	1
4*1*1*1*1*2	1	311	397	455	173	0	0	0	0	1	0	1	4	1	1	1	1	2
4*1*1*2*1*1	1	343	444	510	134	0	0	0	0	1	0	1	4	1	1	2	1	1
4*1*2*1*1*1	5	412.8	432	486.8	169.6	20.4098015668943	69.4319811038112	75.4861576714566	58.4006849274904	1	0	1	4	1	2	1	1	1
4*1*2*1*1*2	1	412	492	515	225	0	0	0	0	1	0	1	4	1	2	1	1	2
4*1*3*1*1*1	1	453	465	589	197	0	0	0	0	1	0	1	4	1	3	1	1	1
4*2*1*1*1*1	6	333.833333333333	363.833333333333	418.333333333333	206.5	45.0163550526053	34.3870938321665	51.8030458134998	23.6202596655216	1	0	1	4	2	1	1	1	1
4*2*1*2*1*1	4	375.5	414.25	483.5	205.5	68.0018382104484	66.7921215413914	56.1270879344368	44.5280810275943	1	0	1	4	2	1	2	1	1
4*2*2*1*1*1	2	351	383.5	427.5	239	11	18.5	3.5	22	1	0	1	4	2	2	1	1	1
4*2*2*2*1*1	1	329	385	434	209	0	0	0	0	1	0	1	4	2	2	2	1	1
4*3*1*1*1*1	1	412	490	573	256	0	0	0	0	1	0	1	4	3	1	1	1	1
4*3*1*2*1*1	1	261	338	428	267	0	0	0	0	1	0	1	4	3	1	2	1	1
4*3*2*2*2*1	1	243	322	450	292	0	0	0	0	1	0	1	4	3	2	2	2	1
4*3*2*3*1*1	1	371	423	486	242	0	0	0	0	1	0	1	4	3	2	3	1	1
5*1*1*1*1*1	19	501.315789473684	561.526315789474	710.684210526316	291.157894736842	74.6529180390502	85.7704208742904	83.3862620463403	91.2089926071436	1	0	1	5	1	1	1	1	1
5*1*1*1*1*2	3	548.666666666667	664.666666666667	732.666666666667	252.333333333333	70.8347058690551	99.9877770307729	55.5117605157282	86.3416984364385	1	0	1	5	1	1	1	1	2
5*1*1*1*2*1	2	628	499.5	820	304.5	41	5.5	16	50.5	1	0	1	5	1	1	1	2	1
5*1*2*1*1*1	1	617	613	694	354	0	0	0	0	1	0	1	5	1	2	1	1	1
5*1*3*1*1*2	1	593	731	722	293	0	0	0	0	1	0	1	5	1	3	1	1	2
5*2*1*1*1*1	4	529.75	657	670.75	305.75	72.212793187911	120.064565963485	44.6843093266529	45.0131925106407	1	0	1	5	2	1	1	1	1
5*2*2*1*1*1	1	491	618	724	364	0	0	0	0	1	0	1	5	2	2	1	1	1
5*2*2*1*2*1	1	548	642	823	484	0	0	0	0	1	0	1	5	2	2	1	2	1
5*3*1*2*1*1	2	567	547.5	674	269	33	122.5	5	86	1	0	1	5	3	1	2	1	1
6*1*1*1*1*1	8	688.875	860.875	1059.25	363.5	96.3579751499584	109.265087630954	79.1845155317629	104.736574318621	1	0	1	6	1	1	1	1	1
6*1*1*1*2*1	4	693.75	849.75	1007	443.75	55.8765380101523	167.775705929077	102.310800993834	152.038440862829	1	0	1	6	1	1	1	2	1
6*1*2*1*1*1	5	653.8	743	871.2	350.2	74.9437122112322	64.2277198723417	87.6889958888799	108.6285413692	1	0	1	6	1	2	1	1	1
6*1*2*1*1*2	1	787	900	822	276	0	0	0	0	1	0	1	6	1	2	1	1	2
6*1*2*1*2*1	1	730	789	1184	381	0	0	0	0	1	0	1	6	1	2	1	2	1
6*1*3*1*1*2	1	627	706	828	383	0	0	0	0	1	0	1	6	1	3	1	1	2
6*1*3*1*1*3	1	692	831	955	307	0	0	0	0	1	0	1	6	1	3	1	1	3
6*2*1*1*1*1	1	1024	870	770	334	0	0	0	0	1	0	1	6	2	1	1	1	1
6*2*1*1*2*1	1	639	728	868	422	0	0	0	0	1	0	1	6	2	1	1	2	1
6*2*2*1*1*1	1	787	841	991	628	0	0	0	0	1	0	1	6	2	2	1	1	1
6*2*2*1*1*2	1	774	923	1070	545	0	0	0	0	1	0	1	6	2	2	1	1	2
6*2*2*2*1*2	1	797	780	938	445	0	0	0	0	1	0	1	6	2	2	2	1	2
6*2*2*2*2*1	1	626	758	1059	558	0	0	0	0	1	0	1	6	2	2	2	2	1
6*3*2*1*1*1	1	806	897	1114	544	0	0	0	0	1	0	1	6	3	2	1	1	1
6*3*2*2*2*1	1	713	693	804	420	0	0	0	0	1	0	1	6	3	2	2	2	1
6*3*3*3*2*1	1	705	689	921	634	0	0	0	0	1	0	1	6	3	3	3	2	1
7*1*1*1*1*1	2	1094	1210.5	1353	499	166	62.5	128	103	1	0	1	7	1	1	1	1	1
7*1*1*1*1*2	1	878	969	1109	640	0	0	0	0	1	0	1	7	1	1	1	1	2
7*1*1*1*2*1	1	983	1390	1384	453	0	0	0	0	1	0	1	7	1	1	1	2	1
7*1*2*1*1*1	1	1262	1291	1281	447	0	0	0	0	1	0	1	7	1	2	1	1	1
7*1*2*1*1*2	2	1104	1136	1253.5	537.5	131	128	22.5	58.5	1	0	1	7	1	2	1	1	2
7*2*1*2*1*2	1	1021	1121	1377	661	0	0	0	0	1	0	1	7	2	1	2	1	2
7*2*2*1*2*1	1	1026	1066	1436	540	0	0	0	0	1	0	1	7	2	2	1	2	1
7*3*2*2*2*1	3	959	1007.66666666667	1268.66666666667	830.333333333333	24.0970260959038	51.3960655649395	100.174292554971	273.271944325713	1	0	1	7	3	2	2	2	1
8*1*1*1*2*1	1	1140	1062	1701	794	0	0	0	0	1	0	1	8	1	1	1	2	1
8*1*2*1*1*2	1	1238	1591	1582	728	0	0	0	0	1	0	1	8	1	2	1	1	2
8*1*2*1*2*2	1	1312	1286	1859	725	0	0	0	0	1	0	1	8	1	2	1	2	2
8*2*1*1*2*1	1	1196	1140	1627	732	0	0	0	0	1	0	1	8	2	1	1	2	1
8*2*2*1*1*1	1	1659	1596	1562	770	0	0	0	0	1	0	1	8	2	2	1	1	1
8*2*2*2*2*1	1	1219	1519	1812	791	0	0	0	0	1	0	1	8	2	2	2	2	1
8*3*2*2*2*1	1	1321	1454	1731	844	0	0	0	0	1	0	1	8	3	2	2	2	1
9*1*1*1*1*1	1	1434	2314	1751	564	0	0	0	0	1	0	1	9	1	1	1	1	1
9*1*1*1*1*2	1	1689	2282	2005	601	0	0	0	0	1	0	1	9	1	1	1	1	2
9*1*1*1*2*1	1	1698	1515	2206	925	0	0	0	0	1	0	1	9	1	1	1	2	1
9*1*1*1*2*2	1	1903	1867	2314	720	0	0	0	0	1	0	1	9	1	1	1	2	2
9*2*1*1*1*3	1	1532	1891	2143	984	0	0	0	0	1	0	1	9	2	1	1	1	3
9*2*1*3*1*1	1	1277	2522	1682	507	0	0	0	0	1	0	1	9	2	1	3	1	1
9*2*2*1*2*3	1	1642	1799	1779	475	0	0	0	0	1	0	1	9	2	2	1	2	3
9*3*2*2*2*2	1	1513	1673	2147	928	0	0	0	0	1	0	1	9	3	2	2	2	2
9*3*2*3*2*1	1	1449	2076	1995	1016	0	0	0	0	1	0	1	9	3	2	3	2	1
9*3*3*2*2*1	1	1920	1461	1944	932	0	0	0	0	1	0	1	9	3	3	2	2	1
9*3*3*2*2*2	1	1520	1538	1922	993	0	0	0	0	1	0	1	9	3	3	2	2	2
1*1*1*1*1*1	242	53.8636363636364	55.0950413223141	64.7520661157025	29.0619834710744	25.8599613941279	24.7351937555027	30.3886073127554	15.1782889539623	1	0	2	1	1	1	1	1	1
1*1*2*1*1*1	5	92.4	76.2	98.2	43	13.8217220345368	12.0565334984812	14.1336477952438	13.0384048104053	1	0	2	1	1	2	1	1	1
1*2*1*1*1*1	15	58.2	55.0666666666667	64.7333333333333	32.8666666666667	22.51281116757	17.8230811652257	24.4116547757191	15.8361050205605	1	0	2	1	2	1	1	1	1
1*2*1*2*1*1	6	62.8333333333333	53	81.8333333333333	49.3333333333333	10.5264217830921	18.5382487486458	25.5435358206773	16.3673115962546	1	0	2	1	2	1	2	1	1
1*2*2*1*1*1	4	83.5	82	108.75	50	3.8405728739343	11.0227038425243	11.0312057364551	11.1803398874989	1	0	2	1	2	2	1	1	1
1*3*1*2*1*1	1	72	85	121	54	0	0	0	0	1	0	2	1	3	1	2	1	1
10*1*1*1*1*2	1	1957	2802	2845	1318	0	0	0	0	1	0	2	10	1	1	1	1	2
10*1*1*1*2*2	1	1803	2219	2406	756	0	0	0	0	1	0	2	10	1	1	1	2	2
10*1*2*1*2*2	1	1688	2139	2422	1354	0	0	0	0	1	0	2	10	1	2	1	2	2
10*2*1*1*2*2	1	1749	2105	2450	1397	0	0	0	0	1	0	2	10	2	1	1	2	2
10*2*3*1*2*1	1	2103	2042	3617	1190	0	0	0	0	1	0	2	10	2	3	1	2	1
11*1*1*1*2*2	3	2183.33333333333	2921	3380.33333333333	1437.66666666667	176.696223942549	167.034926487447	539.964402118839	296.01163640791	1	0	2	11	1	1	1	2	2
11*1*2*1*2*2	5	2486.4	3023.8	3409.8	1389.4	207.144973388205	335.241644191171	251.249199003698	239.646906927671	1	0	2	11	1	2	1	2	2
11*1*3*1*2*1	1	2456	2927	3992	1520	0	0	0	0	1	0	2	11	1	3	1	2	1
11*2*2*1*2*2	2	2425	2933.5	3495	2087.5	56	255.5	196	95.5	1	0	2	11	2	2	1	2	2
11*3*3*1*2*2	1	2245	2349	2800	1754	0	0	0	0	1	0	2	11	3	3	1	2	2
12*1*1*1*2*1	1	2288	2725	4977	2581	0	0	0	0	1	0	2	12	1	1	1	2	1
12*1*2*1*2*2	2	2872	3546	4302	2468	209	463	342	147	1	0	2	12	1	2	1	2	2
12*2*1*1*2*2	1	3154	3982	4457	2485	0	0	0	0	1	0	2	12	2	1	1	2	2
12*2*2*1*2*3	1	3119	4070	4707	2818	0	0	0	0	1	0	2	12	2	2	1	2	3
13*1*1*1*2*1	1	3041	4619	5444	2348	0	0	0	0	1	0	2	13	1	1	1	2	1
13*1*1*1*2*2	1	2926	4512	4886	3165	0	0	0	0	1	0	2	13	1	1	1	2	2
13*1*1*1*2*3	1	3094	5008	5037	3618	0	0	0	0	1	0	2	13	1	1	1	2	3
13*2*2*1*2*2	1	3233	4118	5183	3404	0	0	0	0	1	0	2	13	2	2	1	2	2
15*1*1*1*2*2	1	6862	13231	10142	5312	0	0	0	0	1	0	2	15	1	1	1	2	2
15*1*2*1*2*3	1	8128	11265	13301	7683	0	0	0	0	1	0	2	15	1	2	1	2	3
15*2*1*1*2*2	1	6356	11204	9576	5778	0	0	0	0	1	0	2	15	2	1	1	2	2
15*2*1*1*2*3	1	9127	14825	15140	9563	0	0	0	0	1	0	2	15	2	1	1	2	3
15*2*3*1*2*2	1	7861	10452	12892	6577	0	0	0	0	1	0	2	15	2	3	1	2	2
15*2*3*2*2*2	1	8319	10551	11258	6888	0	0	0	0	1	0	2	15	2	3	2	2	2
17*2*3*1*3*3	1	19399	44263	39397	25575	0	0	0	0	1	0	2	17	2	3	1	3	3
2*1*1*1*1*1	138	132.079710144928	137.891304347826	167.644927536232	73.9710144927536	29.8399259805496	34.1118545382365	40.9465541939376	25.5399493913522	1	0	2	2	1	1	1	1	1
2*1*2*1*1*1	47	151.255319148936	153.68085106383	173.595744680851	87.3404255319149	27.8502592410154	31.6954298222333	34.0616834546474	26.4110523252162	1	0	2	2	1	2	1	1	1
2*2*1*1*1*1	9	158	151	180.222222222222	92.5555555555556	16.2343942158479	29.3143878212275	29.5889535610759	28.3121925486809	1	0	2	2	2	1	1	1	1
2*2*1*2*1*1	5	131.2	139.4	168	97.4	25.206348406701	20.372530525195	22.1900878772483	22.8	1	0	2	2	2	1	2	1	1
2*2*2*1*1*1	6	137.166666666667	126.666666666667	167.833333333333	87.1666666666667	23.0970176044922	31.1537406350434	46.2616351730988	40.2343827535052	1	0	2	2	2	2	1	1	1
2*2*2*2*1*1	1	199	195	209	132	0	0	0	0	1	0	2	2	2	2	2	1	1
2*2*3*1*1*1	1	164	171	223	107	0	0	0	0	1	0	2	2	2	3	1	1	1
2*2*3*2*1*1	1	178	162	201	106	0	0	0	0	1	0	2	2	2	3	2	1	1
2*3*1*2*1*1	1	209	147	204	134	0	0	0	0	1	0	2	2	3	1	2	1	1
2*3*2*2*1*1	1	153	170	183	118	0	0	0	0	1	0	2	2	3	2	2	1	1
3*1*1*1*1*1	55	241.927272727273	261.545454545455	310.309090909091	124.290909090909	44.8386418355072	49.4992445054626	50.6527833668587	37.2059001808109	1	0	2	3	1	1	1	1	1
3*1*2*1*1*1	38	241.473684210526	252.421052631579	296.447368421053	133.789473684211	37.2429695535068	44.7470267044858	45.5329246800257	31.386518975624	1	0	2	3	1	2	1	1	1
3*1*3*1*1*1	1	313	360	305	184	0	0	0	0	1	0	2	3	1	3	1	1	1
3*2*1*1*1*1	4	217.75	246.5	313	144.25	36.7517006409227	49.469687688523	42.4794067755189	31.4115822587784	1	0	2	3	2	1	1	1	1
3*2*1*2*1*1	2	219.5	297	362.5	162	28.5	11	39.5	39	1	0	2	3	2	1	2	1	1
3*2*2*1*1*1	8	280	274.125	334.25	185.375	33.166247903554	33.6096619292727	30.1237032915941	42.5908954472667	1	0	2	3	2	2	1	1	1
3*2*2*2*1*1	6	242	230.333333333333	287.666666666667	162	38.3188378390229	31.987844913689	55.2680337587249	20.1328918273887	1	0	2	3	2	2	2	1	1
3*2*3*1*1*1	1	237	254	300	206	0	0	0	0	1	0	2	3	2	3	1	1	1
3*3*1*2*1*1	1	225	207	320	184	0	0	0	0	1	0	2	3	3	1	2	1	1
3*3*2*2*1*1	1	217	267	266	161	0	0	0	0	1	0	2	3	3	2	2	1	1
4*1*1*1*1*1	32	372.40625	391.90625	501.5	188.6875	49.7869582414662	65.5821809711868	64.3428317685816	53.7386252499075	1	0	2	4	1	1	1	1	1
4*1*1*1*1*2	3	367.333333333333	410.333333333333	487.333333333333	165.666666666667	6.84754619472471	34.08160142299	15.4560308258262	19.6015872373189	1	0	2	4	1	1	1	1	2
4*1*2*1*1*1	33	371.181818181818	382.878787878788	440.484848484848	212.484848484848	52.7851302210366	56.2713973178783	59.1280691238127	49.0733039887369	1	0	2	4	1	2	1	1	1
4*2*1*1*1*1	5	348.8	355	501.4	249.2	49.3209894466849	57.837703965493	81.4140037094356	17.04582060213	1	0	2	4	2	1	1	1	1
4*2*1*1*1*2	1	304	323	492	216	0	0	0	0	1	0	2	4	2	1	1	1	2
4*2*1*2*1*1	1	289	301	421	268	0	0	0	0	1	0	2	4	2	1	2	1	1
4*2*2*1*1*1	10	381.2	376.2	444.1	225.7	49.8092360913114	62.5632479975265	51.3331277052159	33.6304921165302	1	0	2	4	2	2	1	1	1
4*2*2*2*1*1	2	433	355	415.5	207.5	26	59	20.5	29.5	1	0	2	4	2	2	2	1	1
4*2*3*1*1*1	1	362	448	463	270	0	0	0	0	1	0	2	4	2	3	1	1	1
4*3*2*2*1*1	1	443	365	542	278	0	0	0	0	1	0	2	4	3	2	2	1	1
4*3*2*3*1*1	3	400.333333333333	362.666666666667	433.666666666667	267	6.94422221866655	34.7403064017704	25.5255862921022	34.0293990543471	1	0	2	4	3	2	3	1	1
4*3*3*1*1*1	1	374	357	330	201	0	0	0	0	1	0	2	4	3	3	1	1	1
4*3*3*2*1*1	2	450.5	388.5	463.5	280.5	12.5	15.5	29.5	19.5	1	0	2	4	3	3	2	1	1
5*1*1*1*1*1	29	509.103448275862	580.241379310345	719.586206896552	326.310344827586	69.4467520293047	80.1806818131932	115.373910049435	92.2564280344421	1	0	2	5	1	1	1	1	1
5*1*1*1*1*2	5	526.6	671.8	676.8	287	23.035624584543	127.337975482572	126.924229365397	119.580934935298	1	0	2	5	1	1	1	1	2
5*1*2*1*1*1	15	536.266666666667	583.2	677.666666666667	299.933333333333	59.7064671725117	86.7803357141851	96.0691880307567	56.7984350332139	1	0	2	5	1	2	1	1	1
5*1*2*1*1*2	1	632	728	750	325	0	0	0	0	1	0	2	5	1	2	1	1	2
5*1*3*1*1*1	5	516.2	586.8	660.6	270	38.8607771409682	43.7693957006491	46.7444114306726	53.9332921301862	1	0	2	5	1	3	1	1	1
5*2*1*1*1*1	2	538	607	690.5	374.5	21	50	14.5	28.5	1	0	2	5	2	1	1	1	1
5*2*2*1*1*1	4	508.75	581.5	658.5	319.5	73.3940562988584	147.35925488411	73.4319412789829	45.1469821804293	1	0	2	5	2	2	1	1	1
5*2*2*1*1*2	1	595	616	740	363	0	0	0	0	1	0	2	5	2	2	1	1	2
5*2*2*2*1*1	2	547.5	481.5	563.5	321	61.5	41.5	13.5	5	1	0	2	5	2	2	2	1	1
5*2*3*1*1*1	2	522.5	535	604	326.5	13.5	37	4	2.5	1	0	2	5	2	3	1	1	1
5*3*2*3*1*1	1	492	578	599	269	0	0	0	0	1	0	2	5	3	2	3	1	1
5*3*2*3*2*1	1	581	619	738	399	0	0	0	0	1	0	2	5	3	2	3	2	1
5*3*3*2*2*1	1	729	633	740	399	0	0	0	0	1	0	2	5	3	3	2	2	1
5*3*3*3*1*1	1	541	526	655	332	0	0	0	0	1	0	2	5	3	3	3	1	1
6*1*1*1*1*1	13	689	806.923076923077	994.076923076923	445.307692307692	90.0521216595401	104.51092069434	121.585969293311	103.844102543843	1	0	2	6	1	1	1	1	1
6*1*1*1*1*2	5	700.2	857	1017	453.8	76.0878439699799	46.7118828565066	91.8477000256403	95.9529051149573	1	0	2	6	1	1	1	1	2
6*1*2*1*1*1	9	697.888888888889	783.666666666667	965.333333333333	425.555555555556	72.7452853675747	97.6080597765028	65.8904815246903	58.738802452725	1	0	2	6	1	2	1	1	1
6*1*3*1*1*1	2	824.5	855.5	958.5	393.5	92.5	26.5	97.5	131.5	1	0	2	6	1	3	1	1	1
6*2*2*1*1*1	5	706.4	778.4	912.8	480.2	66.2256747794992	101.52753321144	75.4702590428839	91.4973223651927	1	0	2	6	2	2	1	1	1
6*2*2*1*2*1	1	845	813	1092	533	0	0	0	0	1	0	2	6	2	2	1	2	1
6*2*2*2*2*1	1	754	754	920	528	0	0	0	0	1	0	2	6	2	2	2	2	1
6*2*3*1*1*1	6	722.666666666667	831	951.5	443.333333333333	78.1721746460266	71.014083110324	104.689620625288	79.5417430591566	1	0	2	6	2	3	1	1	1
6*2*3*2*1*1	1	710	667	760	416	0	0	0	0	1	0	2	6	2	3	2	1	1
6*3*2*3*1*1	1	643	695	1005	627	0	0	0	0	1	0	2	6	3	2	3	1	1
6*3*2*3*2*1	1	653	838	877	546	0	0	0	0	1	0	2	6	3	2	3	2	1
6*3*3*3*2*1	1	862	851	1038	574	0	0	0	0	1	0	2	6	3	3	3	2	1
7*1*1*1*1*1	10	863.9	990.5	1268.9	670.9	75.5876312633224	96.955917818357	146.509009961845	169.667586768952	1	0	2	7	1	1	1	1	1
7*1*1*1*1*2	5	898.8	1094	1299.6	587	70.878487568514	133.307164098558	117.394378059599	84.5931439302264	1	0	2	7	1	1	1	1	2
7*1*1*1*2*2	1	1275	1237	1333	592	0	0	0	0	1	0	2	7	1	1	1	2	2
7*1*2*1*1*1	4	981.75	1078.75	1365.75	531.25	64.7702670984148	92.7398916324577	99.6954738190255	30.4743744808651	1	0	2	7	1	2	1	1	1
7*1*2*1*1*2	2	1042.5	1213.5	1184	488	44.5	25.5	6	49	1	0	2	7	1	2	1	1	2
7*1*3*1*1*2	1	901	1015	1161	572	0	0	0	0	1	0	2	7	1	3	1	1	2
7*2*1*1*1*1	1	984	1156	1410	628	0	0	0	0	1	0	2	7	2	1	1	1	1
7*2*2*1*1*1	2	948	1014	1196.5	545	54	74	3.5	95	1	0	2	7	2	2	1	1	1
7*2*2*1*2*1	1	926	1022	1289	928	0	0	0	0	1	0	2	7	2	2	1	2	1
7*2*2*3*2*1	1	958	1063	1016	597	0	0	0	0	1	0	2	7	2	2	3	2	1
7*2*3*1*2*1	2	976	1127.5	1404.5	651.5	31	57.5	165.5	10.5	1	0	2	7	2	3	1	2	1
7*3*2*2*2*2	1	1101	1271	1423	594	0	0	0	0	1	0	2	7	3	2	2	2	2
7*3*2*3*2*1	1	857	1305	1242	665	0	0	0	0	1	0	2	7	3	2	3	2	1
8*1*1*1*1*1	3	1185	1558.33333333333	1688	761.666666666667	5.35412613473634	207.849838959657	76.9978354674121	158.842339723667	1	0	2	8	1	1	1	1	1
8*1*1*1*1*2	7	1142	1384.57142857143	1587.57142857143	789.285714285714	127.23993083934	152.822826588604	142.407721643433	74.9432438310377	1	0	2	8	1	1	1	1	2
8*1*1*1*2*2	1	1174	1405	1779	980	0	0	0	0	1	0	2	8	1	1	1	2	2
8*1*2*1*1*1	4	1249	1462	1698.5	705.25	89.2664550657188	135.216493076843	131.872097124449	112.976490917359	1	0	2	8	1	2	1	1	1
8*1*2*1*1*2	1	1093	1461	1418	545	0	0	0	0	1	0	2	8	1	2	1	1	2
8*1*2*1*2*1	1	1080	1258	1498	770	0	0	0	0	1	0	2	8	1	2	1	2	1
8*1*3*1*2*2	1	1147	1254	1463	961	0	0	0	0	1	0	2	8	1	3	1	2	2
8*2*1*1*1*1	1	1078	1423	1675	1025	0	0	0	0	1	0	2	8	2	1	1	1	1
8*2*2*1*1*1	1	1273	1579	1772	687	0	0	0	0	1	0	2	8	2	2	1	1	1
8*2*2*1*2*1	1	1018	1272	1346	1171	0	0	0	0	1	0	2	8	2	2	1	2	1
8*2*2*1*2*2	1	1377	1569	1707	921	0	0	0	0	1	0	2	8	2	2	1	2	2
8*2*2*2*2*2	1	1128	1289	1492	814	0	0	0	0	1	0	2	8	2	2	2	2	2
8*2*3*1*2*1	1	1019	1118	1625	852	0	0	0	0	1	0	2	8	2	3	1	2	1
8*3*2*2*2*1	1	888	1019	1486	1103	0	0	0	0	1	0	2	8	3	2	2	2	1
8*3*3*2*2*2	1	1392	1382	1563	970	0	0	0	0	1	0	2	8	3	3	2	2	2
9*1*1*1*1*1	3	1365.33333333333	1742	2033.66666666667	1119.33333333333	104.907366545708	27.5801861245835	202.499931412883	284.648711377531	1	0	2	9	1	1	1	1	1
9*1*1*1*2*1	1	1250	1548	2091	997	0	0	0	0	1	0	2	9	1	1	1	2	1
9*1*2*1*2*2	1	1409	1512	2012	769	0	0	0	0	1	0	2	9	1	2	1	2	2
9*1*3*1*2*2	1	1600	2048	2266	798	0	0	0	0	1	0	2	9	1	3	1	2	2
9*2*2*1*2*1	1	1246	1233	2363	1051	0	0	0	0	1	0	2	9	2	2	1	2	1
9*2*2*1*2*2	1	1483	1855	2165	1250	0	0	0	0	1	0	2	9	2	2	1	2	2
9*2*3*1*2*2	1	1617	1653	2029	906	0	0	0	0	1	0	2	9	2	3	1	2	2
9*3*3*3*2*1	1	1887	1777	1970	1027	0	0	0	0	1	0	2	9	3	3	3	2	1
9*3*3*3*2*2	1	1679	2140	2031	1064	0	0	0	0	1	0	2	9	3	3	3	2	2
1*1*1*1*1*1	34	67.8823529411765	66.4705882352941	87.8823529411765	33.2941176470588	21.7590612712232	24.7733672152857	25.6901957791207	12.631728054119	1	0	3	1	1	1	1	1	1
10*1*1*1*1*1	1	1634	2437	2655	887	0	0	0	0	1	0	3	10	1	1	1	1	1
10*1*1*1*2*1	1	1625	2187	2539	1210	0	0	0	0	1	0	3	10	1	1	1	2	1
10*1*1*1*2*2	4	1746.25	2360	2706.25	1511	105.390642373979	184.099158064343	231.144300167666	220.148813305909	1	0	3	10	1	1	1	2	2
10*1*2*1*2*1	1	1885	2312	3027	1210	0	0	0	0	1	0	3	10	1	2	1	2	1
10*1*2*1*2*2	1	1846	2016	2279	1117	0	0	0	0	1	0	3	10	1	2	1	2	2
10*2*2*1*2*2	1	2018	2465	2739	1075	0	0	0	0	1	0	3	10	2	2	1	2	2
11*1*1*1*1*2	2	1997.5	3065.5	3268.5	1446.5	273.5	35.5	181.5	707.5	1	0	3	11	1	1	1	1	2
11*1*1*1*2*1	1	1922	2468	3485	1488	0	0	0	0	1	0	3	11	1	1	1	2	1
11*1*1*1*2*2	3	2248.33333333333	2778.66666666667	3449	1717.33333333333	153.588917424258	210.428663024366	356.017789817681	458.453438808736	1	0	3	11	1	1	1	2	2
11*1*2*1*2*2	1	2343	3055	3432	1475	0	0	0	0	1	0	3	11	1	2	1	2	2
11*2*2*1*2*2	1	2378	3266	3504	1525	0	0	0	0	1	0	3	11	2	2	1	2	2
12*1*1*1*2*1	1	2510	3692	4950	2825	0	0	0	0	1	0	3	12	1	1	1	2	1
12*1*1*1*2*3	1	3198	4302	5256	2148	0	0	0	0	1	0	3	12	1	1	1	2	3
12*1*2*1*2*2	1	3303	3862	4284	1880	0	0	0	0	1	0	3	12	1	2	1	2	2
12*2*1*1*2*2	1	2781	3932	4153	2064	0	0	0	0	1	0	3	12	2	1	1	2	2
13*1*1*1*2*1	2	3737.5	4777	6481.5	4124	301.5	586	615.5	919	1	0	3	13	1	1	1	2	1
13*1*1*1*2*2	3	3231	4809.33333333333	6092.66666666667	3175	287.815913389097	66.6149799636355	838.849344174639	210.698837206094	1	0	3	13	1	1	1	2	2
13*2*1*1*2*2	1	3211	5656	5191	2212	0	0	0	0	1	0	3	13	2	1	1	2	2
13*2*1*1*2*3	1	3502	4113	5939	3100	0	0	0	0	1	0	3	13	2	1	1	2	3
17*1*1*1*3*3	1	28161	50349	53734	34314	0	0	0	0	1	0	3	17	1	1	1	3	3
2*1*1*1*1*1	46	151.391304347826	156.891304347826	193.021739130435	65.8695652173913	36.0256419916061	40.8694784920449	39.2774352359539	19.0212794975524	1	0	3	2	1	1	1	1	1
2*1*2*1*1*1	8	148.875	150.375	190.25	82.625	33.8320761260671	31.1766639491784	41.0997262764608	11.7785557264038	1	0	3	2	1	2	1	1	1
2*2*2*1*1*1	2	200.5	175.5	223	107.5	2.5	6.5	23	0.5	1	0	3	2	2	2	1	1	1
3*1*1*1*1*1	36	250.805555555556	272.972222222222	320.888888888889	111.305555555556	48.8158782481254	51.1031017275159	54.8967605691598	37.3956469870525	1	0	3	3	1	1	1	1	1
3*1*1*1*1*2	2	278	221.5	298.5	104	42	31.5	33.5	11	1	0	3	3	1	1	1	1	2
3*1*2*1*1*1	12	263	249.333333333333	293.333333333333	110.166666666667	37.7447568102732	42.0878710424855	29.9007617888835	12.5022220247265	1	0	3	3	1	2	1	1	1
3*2*1*1*1*1	1	275	309	373	192	0	0	0	0	1	0	3	3	2	1	1	1	1
3*2*2*1*1*1	3	279.333333333333	295.666666666667	344.666666666667	141	32.2628096868343	33.9050963065371	14.8847423745107	25.4689353265241	1	0	3	3	2	2	1	1	1
4*1*1*1*1*1	40	369.525	391.35	489.575	158.425	52.2800093247888	59.6856557306695	72.3404753578521	39.0383705474499	1	0	3	4	1	1	1	1	1
4*1*1*1*1*2	2	379.5	464.5	510	150.5	54.5	65.5	78	47.5	1	0	3	4	1	1	1	1	2
4*1*2*1*1*1	11	354.636363636364	375.818181818182	458.363636363636	174.454545454545	42.0114112793887	60.2416620889536	74.9718404436234	50.3828319178876	1	0	3	4	1	2	1	1	1
4*2*1*1*1*1	1	409	457	513	229	0	0	0	0	1	0	3	4	2	1	1	1	1
5*1*1*1*1*1	17	554.117647058824	614.117647058824	767.294117647059	292.235294117647	71.7322491696326	89.3498624726162	91.9678746378208	55.1687565158191	1	0	3	5	1	1	1	1	1
5*1*1*1*1*2	3	483.333333333333	626.666666666667	642.666666666667	231.666666666667	70.6839601481285	59.695523748063	36.0030862874591	19.4821855949366	1	0	3	5	1	1	1	1	2
5*1*2*1*1*1	9	576.333333333333	601.777777777778	685.555555555556	269.444444444444	68.3406500147931	70.1930319076977	42.874781790468	43.6249447274049	1	0	3	5	1	2	1	1	1
5*2*1*1*1*1	1	410	463	612	304	0	0	0	0	1	0	3	5	2	1	1	1	1
5*2*2*1*1*1	1	542	637	654	221	0	0	0	0	1	0	3	5	2	2	1	1	1
6*1*1*1*1*1	10	682.5	814.6	1025.7	450.5	98.6582485147593	95.9929164053265	137.306263513359	92.2336706414745	1	0	3	6	1	1	1	1	1
6*1*1*1*1*2	6	731.333333333333	840.166666666667	1029.33333333333	405.166666666667	82.4735647882938	85.5656018632617	99.9744411781776	83.8697733923783	1	0	3	6	1	1	1	1	2
6*1*2*1*1*1	5	765.2	778.6	988.8	360.8	60.538913105539	120.589551786214	113.425570309344	75.4808585006821	1	0	3	6	1	2	1	1	1
6*1*3*1*1*2	1	949	981	962	390	0	0	0	0	1	0	3	6	1	3	1	1	2
6*2*2*1*1*1	1	691	742	871	437	0	0	0	0	1	0	3	6	2	2	1	1	1
7*1*1*1*1*1	10	956.2	1149.5	1410.3	466.7	95.5790772083514	139.718466925457	119.614422207358	109.124745131432	1	0	3	7	1	1	1	1	1
7*1*1*1*1*2	6	939.666666666667	1056.5	1255.66666666667	483.166666666667	56.7235009106063	62.0584401995409	91.4743437011469	123.273972201038	1	0	3	7	1	1	1	1	2
7*1*2*1*1*1	1	1264	1131	1437	430	0	0	0	0	1	0	3	7	1	2	1	1	1
7*1*2*1*1*2	1	1034	1187	1284	523	0	0	0	0	1	0	3	7	1	2	1	1	2
8*1*1*1*1*1	2	1136.5	1431	1727	574.5	18.5	122	39	40.5	1	0	3	8	1	1	1	1	1
8*1*1*1*1*2	4	1305.75	1509.25	1698.75	728.75	102.294611295024	118.636788139261	130.304211367093	129.233074326969	1	0	3	8	1	1	1	1	2
8*1*1*1*2*1	1	1098	1366	2122	922	0	0	0	0	1	0	3	8	1	1	1	2	1
8*1*1*1*2*2	1	1177	1507	1816	825	0	0	0	0	1	0	3	8	1	1	1	2	2
8*1*2*1*1*1	1	1141	1360	1773	519	0	0	0	0	1	0	3	8	1	2	1	1	1
8*1*2*1*1*2	1	1256	1566	1605	652	0	0	0	0	1	0	3	8	1	2	1	1	2
8*1*2*1*2*1	1	1221	1426	1515	653	0	0	0	0	1	0	3	8	1	2	1	2	1
8*2*1*1*1*2	1	1110	1423	1601	723	0	0	0	0	1	0	3	8	2	1	1	1	2
8*2*2*1*2*1	1	1139	1374	1756	756	0	0	0	0	1	0	3	8	2	2	1	2	1
9*1*1*1*1*1	1	1511	1875	2040	702	0	0	0	0	1	0	3	9	1	1	1	1	1
9*1*1*1*1*2	3	1434.33333333333	1836	2002.33333333333	932.666666666667	120.643644212569	87.1320836431679	75.9400348228054	178.945677666591	1	0	3	9	1	1	1	1	2
9*1*1*1*2*2	2	1453	1977.5	2069	958	124	49.5	182	73	1	0	3	9	1	1	1	2	2
9*1*2*1*2*2	2	1612	1893	2235	967	6	54	146	64	1	0	3	9	1	2	1	2	2
9*2*2*1*2*1	1	1507	1655	2024	929	0	0	0	0	1	0	3	9	2	2	1	2	1
1*1*1*1*1*1	2	81.5	86.5	94.5	46	4.5	3.5	18.5	14	1	0	4	1	1	1	1	1	1
10*1*1*1*2*1	2	1448.5	2124	2744.5	1455.5	209.5	242	95.5	28.5	1	0	4	10	1	1	1	2	1
10*1*2*1*1*2	1	1965	2485	2589	550	0	0	0	0	1	0	4	10	1	2	1	1	2
10*1*2*1*2*1	3	1842.33333333333	2094	2857.66666666667	998.666666666667	51.8030458134998	216.819433323369	333.098917573878	69.9253570284454	1	0	4	10	1	2	1	2	1
10*1*2*1*2*2	2	1829.5	2387	2610	803	68.5	18	80	52	1	0	4	10	1	2	1	2	2
10*1*3*1*2*1	1	2301	2468	2964	952	0	0	0	0	1	0	4	10	1	3	1	2	1
10*2*3*1*2*2	1	2204	2280	2572	1365	0	0	0	0	1	0	4	10	2	3	1	2	2
11*1*1*1*2*1	1	1931	2847	4047	2837	0	0	0	0	1	0	4	11	1	1	1	2	1
11*1*1*1*2*2	2	2307	3065	3290.5	1448	264	147	139.5	143	1	0	4	11	1	1	1	2	2
11*1*2*1*2*1	3	2342	2999	4006.33333333333	1786.33333333333	125.780231621136	135.774322560146	248.540182309063	279.824151129876	1	0	4	11	1	2	1	2	1
11*1*2*1*2*2	2	2429	2925.5	3268.5	1330	173	150.5	96.5	59	1	0	4	11	1	2	1	2	2
11*2*3*1*2*2	1	2250	2577	3121	1209	0	0	0	0	1	0	4	11	2	3	1	2	2
12*1*1*1*2*1	1	2238	4225	3984	1615	0	0	0	0	1	0	4	12	1	1	1	2	1
12*1*1*1*2*2	2	2483	4025	4105.5	2034	202	405	41.5	60	1	0	4	12	1	1	1	2	2
12*1*2*1*2*1	1	2212	2964	4409	2899	0	0	0	0	1	0	4	12	1	2	1	2	1
12*1*2*1*2*2	1	3333	4796	4893	1048	0	0	0	0	1	0	4	12	1	2	1	2	2
12*1*2*1*2*3	1	3280	5040	5176	1602	0	0	0	0	1	0	4	12	1	2	1	2	3
12*2*2*1*2*2	1	3229	4295	4770	1705	0	0	0	0	1	0	4	12	2	2	1	2	2
12*2*3*1*2*2	1	2916	4598	5068	1909	0	0	0	0	1	0	4	12	2	3	1	2	2
13*1*1*1*2*1	2	3083	4716	5564	2450.5	110	19	100	20.5	1	0	4	13	1	1	1	2	1
13*1*2*1*2*2	3	3918.66666666667	5726.66666666667	6093.66666666667	2522	441.083766294894	250.020443608562	417.598158786916	260.26140705068	1	0	4	13	1	2	1	2	2
13*2*2*1*2*2	1	3600	5226	5949	2657	0	0	0	0	1	0	4	13	2	2	1	2	2
14*1*1*1*2*2	1	4549	6828	6990	2986	0	0	0	0	1	0	4	14	1	1	1	2	2
14*1*2*1*2*2	1	4241	7531	7485	2959	0	0	0	0	1	0	4	14	1	2	1	2	2
14*2*3*1*2*2	1	6341	9001	9564	3665	0	0	0	0	1	0	4	14	2	3	1	2	2
16*3*3*1*3*3	1	18942	28958	27696	14887	0	0	0	0	1	0	4	16	3	3	1	3	3
18*3*2*1*3*3	1	57324	131422	108178	66349	0	0	0	0	1	0	4	18	3	2	1	3	3
2*1*1*1*1*1	12	144.333333333333	149.583333333333	181.916666666667	58.1666666666667	28.8800200061488	30.1923233436728	28.5612159327217	13.4091593903405	1	0	4	2	1	1	1	1	1
2*1*2*1*1*1	9	177.222222222222	156.888888888889	211.777777777778	72.8888888888889	33.4590222935385	23.2495851549343	37.6084440216342	9.19473816247876	1	0	4	2	1	2	1	1	1
3*1*1*1*1*1	7	227.285714285714	283.142857142857	349.285714285714	110.428571428571	25.7887809810738	57.7443344689789	66.9705997023305	16.2994929181173	1	0	4	3	1	1	1	1	1
3*1*2*1*1*1	11	268.545454545455	252.727272727273	321.454545454545	120.181818181818	35.2171539719537	35.2267741900207	38.1536692775262	29.1448363797656	1	0	4	3	1	2	1	1	1
4*1*1*1*1*1	10	386.5	408.4	523.1	177.7	53.623222581266	76.4646323472493	52.5498810655172	66.4289846377317	1	0	4	4	1	1	1	1	1
4*1*2*1*1*1	6	378.333333333333	370.833333333333	518.666666666667	168.5	19.2411595862157	66.8241889005936	77.4051390771669	37.4733238451035	1	0	4	4	1	2	1	1	1
5*1*1*1*1*1	10	562.2	615.4	771.1	233.4	69.8567104865381	94.6986800330395	86.5279723557648	45.6797548154541	1	0	4	5	1	1	1	1	1
5*1*1*1*1*2	1	455	562	650	185	0	0	0	0	1	0	4	5	1	1	1	1	2
5*1*2*1*1*1	6	477.666666666667	513.833333333333	687.5	231.666666666667	30.4065051519499	88.7983045383688	117.448925069581	20.0138840697041	1	0	4	5	1	2	1	1	1
5*3*2*1*1*1	1	610	519	601	231	0	0	0	0	1	0	4	5	3	2	1	1	1
6*1*1*1*1*1	6	674.666666666667	853	1104	383.166666666667	90.0586228828509	99.694533450937	115.070992579943	91.2348922044387	1	0	4	6	1	1	1	1	1
6*1*1*1*1*2	1	746	1172	1110	233	0	0	0	0	1	0	4	6	1	1	1	1	2
6*1*2*1*1*1	7	764.714285714286	785.142857142857	1089.71428571429	324.571428571429	79.7383476229139	46.9845827948718	98.7807301707232	58.292016466009	1	0	4	6	1	2	1	1	1
6*1*2*1*1*2	1	967	992	1040	396	0	0	0	0	1	0	4	6	1	2	1	1	2
6*2*2*1*1*1	1	561	727	1083	237	0	0	0	0	1	0	4	6	2	2	1	1	1
7*1*1*1*1*1	5	850	1113.6	1352.4	493.6	108.133251130261	213.79579041693	99.2906843565901	87.174766991372	1	0	4	7	1	1	1	1	1
7*1*1*1*1*2	1	1094	1404	1392	292	0	0	0	0	1	0	4	7	1	1	1	1	2
7*1*2*1*1*1	7	1023.42857142857	1132.14285714286	1379.57142857143	421.857142857143	67.5951332628047	148.936639041505	87.4281045739169	87.9714703289466	1	0	4	7	1	2	1	1	1
7*1*2*1*1*2	1	1087	1173	1430	382	0	0	0	0	1	0	4	7	1	2	1	1	2
7*2*2*1*1*1	1	1170	1084	1333	504	0	0	0	0	1	0	4	7	2	2	1	1	1
7*2*2*1*1*2	2	1050.5	1041	1280	554.5	163.5	77	101	8.5	1	0	4	7	2	2	1	1	2
7*2*3*1*1*1	1	1116	1141	1462	453	0	0	0	0	1	0	4	7	2	3	1	1	1
8*1*1*1*1*1	6	1045.66666666667	1280.33333333333	1761	753.333333333333	149.939617476132	154.111071056632	61.6846820531645	194.565041966833	1	0	4	8	1	1	1	1	1
8*1*1*1*1*2	1	1224	1531	1635	492	0	0	0	0	1	0	4	8	1	1	1	1	2
8*1*1*1*2*1	1	903	1043	1738	866	0	0	0	0	1	0	4	8	1	1	1	2	1
8*1*2*1*1*1	4	1133	1430.75	1648.25	507.25	94.8973129229695	260.8470576794	80.9764626295814	177.009004008271	1	0	4	8	1	2	1	1	1
8*1*2*1*1*2	2	1223	1520	1675	610	64	232	166	190	1	0	4	8	1	2	1	1	2
8*1*2*1*2*1	2	1106.5	1490.5	2073.5	804.5	69.5	154.5	31.5	77.5	1	0	4	8	1	2	1	2	1
8*1*2*1*2*2	1	1358	1431	1963	672	0	0	0	0	1	0	4	8	1	2	1	2	2
9*1*1*1*1*1	2	1349	1792.5	2036.5	750.5	195	64.5	63.5	273.5	1	0	4	9	1	1	1	1	1
9*1*1*1*1*2	1	1285	1871	2232	893	0	0	0	0	1	0	4	9	1	1	1	1	2
9*1*1*1*2*1	3	1394.66666666667	1822.33333333333	2425.33333333333	883	37.7211994624891	73.7623812582599	149.653674269034	120.915948768831	1	0	4	9	1	1	1	2	1
9*1*2*1*2*1	1	1529	1690	2010	853	0	0	0	0	1	0	4	9	1	2	1	2	1
1*1*1*1*1*1	79	44.8987341772152	40.3544303797468	52.5316455696203	30.6708860759494	25.7321130878774	25.6204220237593	28.8114057245346	17.5085668137942	1	0	5	1	1	1	1	1	1
1*1*1*2*1*1	14	25.2142857142857	24.1428571428571	34.2142857142857	20.4285714285714	17.1596643799537	17.2827624398133	24.2816173014795	12.720704639705	1	0	5	1	1	1	2	1	1
1*1*1*3*1*1	2	49.5	55	69.5	52.5	13.5	3	0.5	5.5	1	0	5	1	1	1	3	1	1
1*1*2*3*1*1	1	40	30	52	38	0	0	0	0	1	0	5	1	1	2	3	1	1
1*2*1*1*1*1	18	34.5555555555556	36.1666666666667	48.7777777777778	32.3333333333333	20.0727073472144	16.6140837176709	22.6606745892417	15.4272486205415	1	0	5	1	2	1	1	1	1
1*2*1*2*1*1	15	48.9333333333333	46.4666666666667	67.5333333333333	42.9333333333333	22.4632044810075	25.1472110227401	32.54507984661	18.5525080664463	1	0	5	1	2	1	2	1	1
1*2*1*3*1*1	2	76	68.5	108.5	62	12	2.5	3.5	1	1	0	5	1	2	1	3	1	1
1*2*2*1*1*1	1	78	64	102	50	0	0	0	0	1	0	5	1	2	2	1	1	1
1*3*1*1*1*1	2	38.5	59.5	81.5	66	25.5	39.5	30.5	18	1	0	5	1	3	1	1	1	1
1*3*2*3*1*1	1	92	61	89	66	0	0	0	0	1	0	5	1	3	2	3	1	1
10*1*1*1*1*1	2	1626.5	2542	2407	1458.5	249.5	33	212	118.5	1	0	5	10	1	1	1	1	1
10*1*1*1*2*2	2	1997.5	2312	2505	1141	33.5	34	233	252	1	0	5	10	1	1	1	2	2
10*1*2*1*1*2	1	2001	2019	2319	889	0	0	0	0	1	0	5	10	1	2	1	1	2
10*1*2*1*2*1	1	2048	1988	2640	819	0	0	0	0	1	0	5	10	1	2	1	2	1
10*1*2*1*2*2	1	2107	2357	2864	1158	0	0	0	0	1	0	5	10	1	2	1	2	2
10*1*3*1*2*2	1	1944	2044	2450	863	0	0	0	0	1	0	5	10	1	3	1	2	2
10*2*3*1*2*2	3	2218	2229.66666666667	2302.33333333333	1124.33333333333	131.957063724026	45.0653845971483	137.48777723452	174.015963507822	1	0	5	10	2	3	1	2	2
10*3*3*3*2*2	1	2210	2338	2251	1038	0	0	0	0	1	0	5	10	3	3	3	2	2
11*1*1*1*2*2	2	2116.5	2497	3084.5	1819.5	72.5	127	255.5	131.5	1	0	5	11	1	1	1	2	2
11*1*2*1*2*2	3	2344	2866	3016	1499	169.705627484771	195.903037240365	205.359846773089	167.531091641721	1	0	5	11	1	2	1	2	2
11*1*3*1*2*2	1	3008	3283	3378	1688	0	0	0	0	1	0	5	11	1	3	1	2	2
11*2*3*1*2*2	1	2734	2951	3168	1528	0	0	0	0	1	0	5	11	2	3	1	2	2
11*3*3*3*2*2	1	2537	3630	3805	1445	0	0	0	0	1	0	5	11	3	3	3	2	2
12*1*1*1*2*2	1	3043	3643	4002	2218	0	0	0	0	1	0	5	12	1	1	1	2	2
12*1*2*1*2*2	1	3246	3353	3755	1623	0	0	0	0	1	0	5	12	1	2	1	2	2
13*1*1*1*2*2	2	3616.5	4994.5	5383.5	2760.5	141.5	79.5	180.5	38.5	1	0	5	13	1	1	1	2	2
13*1*3*1*2*2	1	4165	5007	5235	2398	0	0	0	0	1	0	5	13	1	3	1	2	2
13*2*2*1*2*2	1	4017	5001	5939	1990	0	0	0	0	1	0	5	13	2	2	1	2	2
13*2*3*1*2*2	1	3804	4487	5049	2542	0	0	0	0	1	0	5	13	2	3	1	2	2
14*2*3*1*2*3	1	5088	6671	6976	3219	0	0	0	0	1	0	5	14	2	3	1	2	3
15*2*2*1*2*3	2	6920	9815	10760.5	5813	37	472	179.5	575	1	0	5	15	2	2	1	2	3
16*2*3*1*3*3	1	14337	24309	21334	12646	0	0	0	0	1	0	5	16	2	3	1	3	3
2*1*1*1*1*1	28	135.321428571429	133.25	163.642857142857	72.1785714285714	28.0853972878492	32.8846740247533	31.9723254055243	20.3418175396479	1	0	5	2	1	1	1	1	1
2*1*2*1*1*1	7	175.571428571429	152.714285714286	170.428571428571	73.8571428571429	39.5541478513303	40.5205918928505	45.6754299154281	22.5922146604822	1	0	5	2	1	2	1	1	1
2*1*2*2*1*1	1	121	122	189	72	0	0	0	0	1	0	5	2	1	2	2	1	1
2*2*1*1*1*1	9	141.555555555556	154.555555555556	186	83.8888888888889	34.075442806648	30.5945206100378	34.4899341193276	21.1315690348952	1	0	5	2	2	1	1	1	1
2*2*1*2*1*1	15	127.8	116.666666666667	160.266666666667	95.1333333333333	34.2640725347508	39.0122487887529	43.1176169203365	25.7393775285176	1	0	5	2	2	1	2	1	1
2*2*2*1*1*1	1	171	155	212	106	0	0	0	0	1	0	5	2	2	2	1	1	1
2*3*1*1*1*1	1	138	204	215	99	0	0	0	0	1	0	5	2	3	1	1	1	1
2*3*1*2*1*1	2	119	108.5	137.5	103	2	8.5	23.5	32	1	0	5	2	3	1	2	1	1
2*3*1*3*1*1	1	127	139	154	100	0	0	0	0	1	0	5	2	3	1	3	1	1
2*3*2*2*1*1	1	80	101	124	87	0	0	0	0	1	0	5	2	3	2	2	1	1
2*3*2*3*1*1	2	138	142	157.5	92.5	20	51	20.5	1.5	1	0	5	2	3	2	3	1	1
3*1*1*1*1*1	16	249.9375	233.375	306.0625	132.25	45.8632052276114	40.8883770159687	52.6159062808007	40.0351408140399	1	0	5	3	1	1	1	1	1
3*1*2*1*1*1	15	302.866666666667	263.133333333333	310	122.133333333333	47.2805339319353	38.6399907982506	35.7230084586018	20.522724532143	1	0	5	3	1	2	1	1	1
3*1*3*1*1*1	2	358	287	299	149.5	40	3	12	21.5	1	0	5	3	1	3	1	1	1
3*2*1*1*1*1	5	202.2	235	285.6	137.8	28.6104875875963	15.4790180567115	46.1328516352501	30.6815905715463	1	0	5	3	2	1	1	1	1
3*2*1*2*1*1	6	213.333333333333	285	338.666666666667	129.166666666667	56.6352854283931	57.6859312715559	71.8230851158286	42.1363527399112	1	0	5	3	2	1	2	1	1
3*2*1*3*1*1	2	189.5	222	258.5	144	2.5	20	29.5	64	1	0	5	3	2	1	3	1	1
3*2*2*1*1*1	3	332.666666666667	285	329.666666666667	143.666666666667	15.1730755689881	23.6220236220354	44.5146667465405	8.80656320908194	1	0	5	3	2	2	1	1	1
3*2*2*2*1*1	2	307	275.5	356	210	5	17.5	10	26	1	0	5	3	2	2	2	1	1
3*2*2*3*1*1	2	201	175.5	245.5	148	5	19.5	9.5	15	1	0	5	3	2	2	3	1	1
3*2*3*1*1*1	1	333	201	265	145	0	0	0	0	1	0	5	3	2	3	1	1	1
3*3*1*1*1*1	1	281	315	443	128	0	0	0	0	1	0	5	3	3	1	1	1	1
3*3*2*2*1*1	1	230	245	335	149	0	0	0	0	1	0	5	3	3	2	2	1	1
3*3*2*3*1*1	1	220	221	288	136	0	0	0	0	1	0	5	3	3	2	3	1	1
4*1*1*1*1*1	11	385.818181818182	409.818181818182	482.272727272727	208	52.7770924512075	50.2571897738716	85.3996922594955	58.0642277607698	1	0	5	4	1	1	1	1	1
4*1*2*1*1*1	18	413.111111111111	377.888888888889	424.333333333333	189	44.9071744934777	42.5778879608874	63.7460238411429	45.0160465217065	1	0	5	4	1	2	1	1	1
4*1*3*1*1*1	2	447.5	383	425	150.5	43.5	21	43	13.5	1	0	5	4	1	3	1	1	1
4*2*1*1*1*1	1	340	322	401	138	0	0	0	0	1	0	5	4	2	1	1	1	1
4*2*1*2*1*1	1	298	494	437	124	0	0	0	0	1	0	5	4	2	1	2	1	1
4*2*1*3*1*1	1	456	318	403	176	0	0	0	0	1	0	5	4	2	1	3	1	1
4*2*2*1*1*1	2	426.5	370.5	503.5	211	53.5	71.5	66.5	19	1	0	5	4	2	2	1	1	1
4*2*2*2*1*1	6	386.333333333333	354	402	234	79.6066719705216	36.3684845252956	43.5813415733538	40.751278098566	1	0	5	4	2	2	2	1	1
4*2*2*3*1*1	1	322	440	528	235	0	0	0	0	1	0	5	4	2	2	3	1	1
4*2*3*1*1*1	4	465.75	387	438.25	208.5	44.4543304977142	49.0255035670211	44.818383504986	27.5726313579245	1	0	5	4	2	3	1	1	1
4*3*1*1*1*1	1	231	310	388	273	0	0	0	0	1	0	5	4	3	1	1	1	1
4*3*1*3*1*1	1	215	323	387	276	0	0	0	0	1	0	5	4	3	1	3	1	1
4*3*2*2*1*1	3	348	331.666666666667	408.666666666667	280.333333333333	41.2148840428633	71.7696933871734	33.1695978604237	48.1756047070391	1	0	5	4	3	2	2	1	1
4*3*2*3*1*1	1	528	458	511	257	0	0	0	0	1	0	5	4	3	2	3	1	1
5*1*1*1*1*1	9	546.333333333333	617.666666666667	630.222222222222	302.888888888889	50.8702052067591	103.574986255262	95.5437977262293	89.223121622698	1	0	5	5	1	1	1	1	1
5*1*2*1*1*1	13	607.846153846154	582.153846153846	685.769230769231	253.230769230769	59.1410909525116	90.7556704342838	91.299299724464	64.2101763395969	1	0	5	5	1	2	1	1	1
5*1*3*1*1*1	5	651	567	643.4	273.2	43.3220498129994	35.4795715870415	22.922478051031	24.4327648865207	1	0	5	5	1	3	1	1	1
5*2*1*1*1*1	2	640	648.5	694	248.5	53	59.5	73	16.5	1	0	5	5	2	1	1	1	1
5*2*1*2*1*1	1	396	873	721	201	0	0	0	0	1	0	5	5	2	1	2	1	1
5*2*1*2*1*2	1	606	625	641	221	0	0	0	0	1	0	5	5	2	1	2	1	2
5*2*2*1*1*1	3	515	483	613.333333333333	284	14.5143607047182	53.4852004452322	45.6386775541195	74.9577658863087	1	0	5	5	2	2	1	1	1
5*2*2*2*1*1	1	534	650	761	423	0	0	0	0	1	0	5	5	2	2	2	1	1
5*2*3*1*1*1	2	619	458.5	619.5	323	138	48.5	55.5	1	1	0	5	5	2	3	1	1	1
5*2*3*2*1*1	1	599	441	571	390	0	0	0	0	1	0	5	5	2	3	2	1	1
5*3*1*1*1*1	1	401	606	725	376	0	0	0	0	1	0	5	5	3	1	1	1	1
5*3*2*2*1*1	2	583.5	509	615.5	345.5	21.5	13	86.5	66.5	1	0	5	5	3	2	2	1	1
5*3*2*3*1*1	1	465	582	690	385	0	0	0	0	1	0	5	5	3	2	3	1	1
5*3*3*2*1*1	1	653	591	698	394	0	0	0	0	1	0	5	5	3	3	2	1	1
6*1*1*1*1*1	4	742.25	767.25	1006.75	517.5	71.0505981677846	69.7652313118791	82.5178011098211	127.37837336063	1	0	5	6	1	1	1	1	1
6*1*1*1*1*2	5	723	855.6	955.2	446.2	108.780512960732	67.3100289704291	82.1155283731403	32.2948912368505	1	0	5	6	1	1	1	1	2
6*1*2*1*1*1	8	860.875	846.75	965.75	378.75	54.6841784705595	48.1838925368219	61.7550605213856	67.6604574326837	1	0	5	6	1	2	1	1	1
6*1*2*1*1*2	4	937.75	920.75	1009.5	377	77.1180102181066	25.2029264173826	33.8710791088799	88.1674543128018	1	0	5	6	1	2	1	1	2
6*1*3*1*1*1	1	881	758	686	274	0	0	0	0	1	0	5	6	1	3	1	1	1
6*2*1*1*1*1	1	668	721	865	554	0	0	0	0	1	0	5	6	2	1	1	1	1
6*2*1*2*1*1	2	554	1114	894	358	149	113	65	48	1	0	5	6	2	1	2	1	1
6*2*1*2*1*2	1	622	614	796	569	0	0	0	0	1	0	5	6	2	1	2	1	2
6*2*2*1*1*1	3	751	736.666666666667	889	416	19.94993734326	70.6367861355226	74.0585354072484	39.5558676641869	1	0	5	6	2	2	1	1	1
6*2*2*1*1*2	1	676	811	1050	490	0	0	0	0	1	0	5	6	2	2	1	1	2
6*2*2*2*1*2	1	739	858	902	225	0	0	0	0	1	0	5	6	2	2	2	1	2
6*2*2*2*2*1	2	557	836.5	844	382.5	16	22.5	15	17.5	1	0	5	6	2	2	2	2	1
6*2*3*1*1*1	3	881.333333333333	752.333333333333	843.666666666667	360	37.2588542795162	72.0061725749181	49.6409329306191	26.2424592343528	1	0	5	6	2	3	1	1	1
6*2*3*2*1*1	1	915	804	776	420	0	0	0	0	1	0	5	6	2	3	2	1	1
6*3*2*2*1*1	2	752.5	729.5	786.5	424.5	7.5	35.5	48.5	20.5	1	0	5	6	3	2	2	1	1
6*3*2*3*1*1	1	676	733	1028	788	0	0	0	0	1	0	5	6	3	2	3	1	1
6*3*3*1*1*1	1	1023	748	741	382	0	0	0	0	1	0	5	6	3	3	1	1	1
7*1*1*1*1*1	1	1113	1114	1280	548	0	0	0	0	1	0	5	7	1	1	1	1	1
7*1*1*1*1*2	1	1041	1177	1194	612	0	0	0	0	1	0	5	7	1	1	1	1	2
7*1*2*1*1*1	4	1081	998.75	1297.25	539.5	82.3134253934314	49.2563447689737	69.2364607703196	142.794432664583	1	0	5	7	1	2	1	1	1
7*1*2*1*1*2	3	1035.33333333333	1105.33333333333	1223.33333333333	553.666666666667	107.251521615728	207.950848893568	197.16377850801	132.27580613585	1	0	5	7	1	2	1	1	2
7*1*3*1*1*1	1	1117	1095	1248	509	0	0	0	0	1	0	5	7	1	3	1	1	1
7*1*3*1*1*2	1	1196	1250	1143	357	0	0	0	0	1	0	5	7	1	3	1	1	2
7*1*3*1*2*1	1	1202	1072	1290	589	0	0	0	0	1	0	5	7	1	3	1	2	1
7*2*1*1*1*2	1	991	1040	1084	626	0	0	0	0	1	0	5	7	2	1	1	1	2
7*2*1*2*1*2	1	949	1069	1237	692	0	0	0	0	1	0	5	7	2	1	2	1	2
7*2*2*1*1*1	1	1162	1064	1049	419	0	0	0	0	1	0	5	7	2	2	1	1	1
7*2*2*2*1*1	1	1112	1140	1234	405	0	0	0	0	1	0	5	7	2	2	2	1	1
7*2*2*2*1*2	1	1181	1272	1384	416	0	0	0	0	1	0	5	7	2	2	2	1	2
7*2*3*2*1*1	1	1081	993	1045	454	0	0	0	0	1	0	5	7	2	3	2	1	1
7*3*2*3*2*1	1	821	1106	1310	653	0	0	0	0	1	0	5	7	3	2	3	2	1
8*1*1*1*1*2	3	1318	1435.33333333333	1628	758.333333333333	159.724763264811	65.3010124134551	45.5192267069642	22.8958996814325	1	0	5	8	1	1	1	1	2
8*1*1*2*2*1	1	925	2015	2008	641	0	0	0	0	1	0	5	8	1	1	2	2	1
8*1*2*1*1*2	3	1409.33333333333	1447.33333333333	1479.66666666667	682.666666666667	104.186798054691	51.1815939137846	120.369800568452	127.546941249966	1	0	5	8	1	2	1	1	2
8*1*2*1*2*1	2	1398	1404	1790.5	935.5	155	31	57.5	135.5	1	0	5	8	1	2	1	2	1
8*1*2*1*2*2	1	1437	1547	1481	569	0	0	0	0	1	0	5	8	1	2	1	2	2
8*1*3*1*2*1	1	1451	1509	1574	913	0	0	0	0	1	0	5	8	1	3	1	2	1
8*2*2*2*1*1	1	1129	1401	1650	749	0	0	0	0	1	0	5	8	2	2	2	1	1
8*2*2*2*2*1	1	1303	1327	1492	582	0	0	0	0	1	0	5	8	2	2	2	2	1
8*2*3*1*2*2	1	1227	1279	1454	524	0	0	0	0	1	0	5	8	2	3	1	2	2
8*3*2*2*1*1	1	1219	1610	1717	1010	0	0	0	0	1	0	5	8	3	2	2	1	1
8*3*2*2*1*2	1	1216	1270	1395	651	0	0	0	0	1	0	5	8	3	2	2	1	2
8*3*3*2*2*1	1	1340	1216	1535	916	0	0	0	0	1	0	5	8	3	3	2	2	1
8*3*3*3*2*2	1	1431	1336	1409	706	0	0	0	0	1	0	5	8	3	3	3	2	2
9*1*1*1*2*1	1	1619	1638	2197	1029	0	0	0	0	1	0	5	9	1	1	1	2	1
9*1*1*1*2*2	1	1542	1895	2095	877	0	0	0	0	1	0	5	9	1	1	1	2	2
9*1*2*1*2*1	1	1741	1793	2014	811	0	0	0	0	1	0	5	9	1	2	1	2	1
9*1*2*1*2*2	1	1601	1668	1930	797	0	0	0	0	1	0	5	9	1	2	1	2	2
9*2*2*1*1*2	1	1501	1796	2252	823	0	0	0	0	1	0	5	9	2	2	1	1	2
9*2*3*2*2*2	1	1691	1677	2046	883	0	0	0	0	1	0	5	9	2	3	2	2	2
1*1*1*1*1*1	13	74.7692307692308	64.9230769230769	67.3846153846154	25.2307692307692	25.9204518186934	24.0878569422646	22.2037365585111	9.97808249001354	1	0	6	1	1	1	1	1	1
1*1*1*2*1*1	1	41	55	65	45	0	0	0	0	1	0	6	1	1	1	2	1	1
1*1*1*3*1*1	1	21	29	61	35	0	0	0	0	1	0	6	1	1	1	3	1	1
1*2*1*1*1*1	1	95	109	98	48	0	0	0	0	1	0	6	1	2	1	1	1	1
1*2*1*2*1*1	1	46	44	56	21	0	0	0	0	1	0	6	1	2	1	2	1	1
10*1*1*1*1*2	1	2222	2930	2883	766	0	0	0	0	1	0	6	10	1	1	1	1	2
10*1*1*1*2*2	2	1924	2419	2596.5	1360.5	16	94	87.5	231.5	1	0	6	10	1	1	1	2	2
10*1*2*1*1*2	1	2170	2242	2149	1200	0	0	0	0	1	0	6	10	1	2	1	1	2
10*1*2*1*2*2	1	1868	2521	2294	558	0	0	0	0	1	0	6	10	1	2	1	2	2
10*2*2*1*1*2	1	1724	2069	2325	1364	0	0	0	0	1	0	6	10	2	2	1	1	2
10*2*2*1*2*1	1	1744	2075	2400	960	0	0	0	0	1	0	6	10	2	2	1	2	1
11*1*1*1*2*1	1	2940	3183	3840	1359	0	0	0	0	1	0	6	11	1	1	1	2	1
11*2*3*1*2*2	1	2707	3168	3406	1423	0	0	0	0	1	0	6	11	2	3	1	2	2
11*3*3*2*2*2	2	2436.5	2726.5	2882	1324	118.5	143.5	50	12	1	0	6	11	3	3	2	2	2
12*1*2*1*2*1	1	2568	3828	4190	2062	0	0	0	0	1	0	6	12	1	2	1	2	1
12*1*2*1*2*2	1	2963	4174	4432	1486	0	0	0	0	1	0	6	12	1	2	1	2	2
12*1*3*1*2*2	1	3178	4243	4316	1422	0	0	0	0	1	0	6	12	1	3	1	2	2
12*3*3*2*2*2	2	3374	3886	4068	1884	163	258	104	65	1	0	6	12	3	3	2	2	2
13*1*2*1*2*2	1	3962	4998	5098	1871	0	0	0	0	1	0	6	13	1	2	1	2	2
13*2*3*1*2*2	1	4323	6496	6307	2281	0	0	0	0	1	0	6	13	2	3	1	2	2
14*1*2*1*2*3	1	6621	7924	8608	3732	0	0	0	0	1	0	6	14	1	2	1	2	3
14*2*2*1*2*2	2	4999.5	7087.5	7887.5	3883	656.5	5.5	220.5	13	1	0	6	14	2	2	1	2	2
16*1*1*1*2*2	1	9533	18843	18177	12943	0	0	0	0	1	0	6	16	1	1	1	2	2
2*1*1*1*1*1	8	175.875	167.875	155.25	67.25	42.8585974455534	43.4811381520769	37.7748262735913	35.1665679303511	1	0	6	2	1	1	1	1	1
2*1*2*1*1*1	8	182	180.125	153.125	75.625	34.8711915483254	32.0875267822249	39.234670573359	22.3659199453096	1	0	6	2	1	2	1	1	1
2*2*1*1*1*1	1	147	123	212	110	0	0	0	0	1	0	6	2	2	1	1	1	1
2*2*1*2*1*1	3	126.666666666667	125	149.666666666667	103.666666666667	41.9708893824703	14.2361043360417	13.0979218029257	15.195028426722	1	0	6	2	2	1	2	1	1
2*2*2*1*1*1	1	128	131	106	80	0	0	0	0	1	0	6	2	2	2	1	1	1
2*2*2*2*1*1	1	150	189	260	119	0	0	0	0	1	0	6	2	2	2	2	1	1
2*3*1*2*1*1	1	138	150	195	148	0	0	0	0	1	0	6	2	3	1	2	1	1
2*3*3*1*1*1	1	259	166	185	122	0	0	0	0	1	0	6	2	3	3	1	1	1
3*1*1*1*1*1	8	258.5	258.875	270.5	101.125	20.8086520466848	33.6876739327606	33.5968748546647	40.0044919352815	1	0	6	3	1	1	1	1	1
3*1*2*1*1*1	7	275.857142857143	266.285714285714	262.571428571429	95.7142857142857	30.2202797161517	34.0156026624518	46.958514039696	13.1008645921261	1	0	6	3	1	2	1	1	1
3*2*1*2*1*1	2	285	320	342	124	11	11	95	18	1	0	6	3	2	1	2	1	1
3*2*1*3*1*1	1	277	215	190	82	0	0	0	0	1	0	6	3	2	1	3	1	1
3*2*2*1*1*1	1	291	268	298	131	0	0	0	0	1	0	6	3	2	2	1	1	1
3*2*2*2*1*1	1	321	273	249	120	0	0	0	0	1	0	6	3	2	2	2	1	1
3*3*3*2*1*1	1	327	310	356	182	0	0	0	0	1	0	6	3	3	3	2	1	1
4*1*1*1*1*1	5	402	419.2	391.8	146.4	40.6546430312701	46.8418616197094	62.3454890108338	48.631676919473	1	0	6	4	1	1	1	1	1
4*1*1*3*1*1	1	275	336	421	250	0	0	0	0	1	0	6	4	1	1	3	1	1
4*1*2*1*1*1	5	428.6	424.8	468.2	169.4	66.3674619071726	71.7506794392917	63.511888650866	40.4108896214869	1	0	6	4	1	2	1	1	1
4*1*3*1*1*1	1	353	385	353	138	0	0	0	0	1	0	6	4	1	3	1	1	1
4*2*1*1*1*1	1	403	452	511	143	0	0	0	0	1	0	6	4	2	1	1	1	1
4*2*1*2*1*1	1	405	483	406	193	0	0	0	0	1	0	6	4	2	1	2	1	1
4*2*2*1*1*1	2	464	466	412.5	183	55	30	52.5	14	1	0	6	4	2	2	1	1	1
4*2*3*1*1*1	1	473	405	385	257	0	0	0	0	1	0	6	4	2	3	1	1	1
4*2*3*2*1*1	1	506	474	465	256	0	0	0	0	1	0	6	4	2	3	2	1	1
4*3*2*1*1*1	1	441	435	441	172	0	0	0	0	1	0	6	4	3	2	1	1	1
4*3*3*3*2*1	1	511	499	480	247	0	0	0	0	1	0	6	4	3	3	3	2	1
5*1*1*1*1*1	3	660	624.666666666667	613	284.333333333333	53.2979048994111	30.1809358517739	53.7215040742532	70.9193595258414	1	0	6	5	1	1	1	1	1
5*1*1*1*1*2	1	577	629	655	280	0	0	0	0	1	0	6	5	1	1	1	1	2
5*1*2*1*1*1	9	561.777777777778	585	604	184.111111111111	39.2082127955009	57.3294572333165	71.2117343638751	54.2923044361506	1	0	6	5	1	2	1	1	1
5*1*2*1*1*2	1	650	591	537	239	0	0	0	0	1	0	6	5	1	2	1	1	2
5*1*3*1*1*1	3	660.666666666667	585	653.666666666667	263	111.71789869528	36.3959704729338	102.340390636129	68.4738392867427	1	0	6	5	1	3	1	1	1
5*2*1*1*1*1	2	431	518.5	595.5	315.5	33	37.5	61.5	16.5	1	0	6	5	2	1	1	1	1
5*2*2*1*1*1	2	596	638	565	183	54	60	21	14	1	0	6	5	2	2	1	1	1
5*2*2*2*1*1	1	708	638	628	246	0	0	0	0	1	0	6	5	2	2	2	1	1
5*2*3*1*1*1	1	535	528	447	299	0	0	0	0	1	0	6	5	2	3	1	1	1
5*3*2*2*1*1	2	526.5	515.5	627	347.5	0.5	8.5	50	7.5	1	0	6	5	3	2	2	1	1
5*3*2*3*1*1	1	600	581	581	211	0	0	0	0	1	0	6	5	3	2	3	1	1
6*1*1*1*1*1	1	630	906	929	531	0	0	0	0	1	0	6	6	1	1	1	1	1
6*1*2*1*1*1	7	799.571428571429	901.714285714286	802.142857142857	313.857142857143	67.315583300615	34.9763768674731	39.7471600833805	64.3571032186337	1	0	6	6	1	2	1	1	1
6*1*2*1*1*2	2	835.5	926	893.5	394	59.5	51	87.5	64	1	0	6	6	1	2	1	1	2
6*1*3*1*1*1	2	851.5	821	718.5	314.5	7.5	35	20.5	18.5	1	0	6	6	1	3	1	1	1
6*2*2*1*1*1	2	772.5	866.5	1034.5	337.5	56.5	32.5	118.5	44.5	1	0	6	6	2	2	1	1	1
6*2*2*2*1*1	1	709	843	880	393	0	0	0	0	1	0	6	6	2	2	2	1	1
6*2*3*1*1*2	1	872	899	746	333	0	0	0	0	1	0	6	6	2	3	1	1	2
6*3*3*2*1*1	1	969	880	838	542	0	0	0	0	1	0	6	6	3	3	2	1	1
6*3*3*2*2*1	1	973	921	901	571	0	0	0	0	1	0	6	6	3	3	2	2	1
7*1*1*1*1*2	1	846	1315	1595	569	0	0	0	0	1	0	6	7	1	1	1	1	2
7*1*2*1*1*1	5	1045.8	1124.8	1238.6	495.8	71.4070024577422	75.8509063887835	119.235229693241	112.180925294811	1	0	6	7	1	2	1	1	1
7*1*2*1*1*2	1	928	1211	1066	420	0	0	0	0	1	0	6	7	1	2	1	1	2
7*1*2*1*2*1	1	748	999	1169	700	0	0	0	0	1	0	6	7	1	2	1	2	1
7*2*1*1*1*2	1	891	1025	1200	817	0	0	0	0	1	0	6	7	2	1	1	1	2
7*2*2*1*1*1	1	881	1086	1340	472	0	0	0	0	1	0	6	7	2	2	1	1	1
7*2*2*2*1*1	1	1100	1104	1120	554	0	0	0	0	1	0	6	7	2	2	2	1	1
7*2*3*1*1*1	1	1142	1106	997	652	0	0	0	0	1	0	6	7	2	3	1	1	1
7*2*3*1*2*2	1	1172	1210	1142	581	0	0	0	0	1	0	6	7	2	3	1	2	2
7*3*2*2*1*1	1	1134	1244	1316	611	0	0	0	0	1	0	6	7	3	2	2	1	1
7*3*2*2*2*1	1	930	1023	1044	547	0	0	0	0	1	0	6	7	3	2	2	2	1
7*3*2*3*1*1	1	1069	1017	972	449	0	0	0	0	1	0	6	7	3	2	3	1	1
7*3*3*2*1*1	1	1045	988	952	450	0	0	0	0	1	0	6	7	3	3	2	1	1
8*1*1*1*1*2	1	1444	1504	1587	441	0	0	0	0	1	0	6	8	1	1	1	1	2
8*1*2*1*1*1	3	1365	1359	1596.66666666667	481.333333333333	132.461315107468	77.2183052563747	201.150579307034	113.845899745616	1	0	6	8	1	2	1	1	1
8*1*3*1*1*1	1	1675	1705	1601	536	0	0	0	0	1	0	6	8	1	3	1	1	1
8*2*1*1*1*1	1	830	1327	1735	862	0	0	0	0	1	0	6	8	2	1	1	1	1
8*2*2*1*1*1	1	1196	1372	1597	473	0	0	0	0	1	0	6	8	2	2	1	1	1
8*2*2*1*1*2	1	1281	1387	1656	573	0	0	0	0	1	0	6	8	2	2	1	1	2
8*2*3*1*1*1	1	1108	1363	1270	754	0	0	0	0	1	0	6	8	2	3	1	1	1
8*2*3*1*2*1	1	1205	1382	1482	671	0	0	0	0	1	0	6	8	2	3	1	2	1
8*3*2*2*1*2	1	1317	1566	1470	579	0	0	0	0	1	0	6	8	3	2	2	1	2
8*3*3*3*2*1	1	1372	1570	1456	703	0	0	0	0	1	0	6	8	3	3	3	2	1
9*1*1*1*1*1	2	1320.5	1858.5	2170.5	823.5	27.5	91.5	115.5	150.5	1	0	6	9	1	1	1	1	1
9*1*1*1*2*1	1	1309	1395	2151	1068	0	0	0	0	1	0	6	9	1	1	1	2	1
9*1*2*1*1*2	1	1668	2080	2245	990	0	0	0	0	1	0	6	9	1	2	1	1	2
9*1*3*1*1*2	1	1694	1836	2073	636	0	0	0	0	1	0	6	9	1	3	1	1	2
9*1*3*1*2*1	1	1821	2115	2522	529	0	0	0	0	1	0	6	9	1	3	1	2	1
9*2*2*1*2*1	1	2040	2146	2158	686	0	0	0	0	1	0	6	9	2	2	1	2	1
9*2*3*1*2*1	1	1885	1954	1653	770	0	0	0	0	1	0	6	9	2	3	1	2	1
9*2*3*1*2*2	1	1836	1833	1691	767	0	0	0	0	1	0	6	9	2	3	1	2	2
1*1*1*1*1*1	55	31.9272727272727	42.0363636363636	56.8727272727273	33.0727272727273	22.413351982857	31.3060921380916	37.375273569302	20.3861401629588	1	0	7	1	1	1	1	1	1
1*1*1*2*1*1	1	10	17	25	16	0	0	0	0	1	0	7	1	1	1	2	1	1
1*2*1*1*1*1	27	27.1481481481481	34.8518518518519	55.4444444444444	32.9259259259259	19.3920634848454	22.7461086679372	35.9354702862138	21.0659035127698	1	0	7	1	2	1	1	1	1
1*2*1*2*1*1	5	11.8	17	30.4	28.6	13.6733317081098	9.83869910099907	16.4996969669143	9.45727233402951	1	0	7	1	2	1	2	1	1
1*3*1*1*1*1	7	46	51.2857142857143	83.8571428571429	56.5714285714286	26.5652834676065	23.8669782976653	31.6653418985335	23.9096940463017	1	0	7	1	3	1	1	1	1
10*1*1*1*1*1	2	1429.5	2301.5	2484.5	1321.5	172.5	115.5	53.5	417.5	1	0	7	10	1	1	1	1	1
10*1*1*1*2*2	1	1526	2147	2455	1290	0	0	0	0	1	0	7	10	1	1	1	2	2
12*2*2*1*2*2	1	2929	4166	4730	2736	0	0	0	0	1	0	7	12	2	2	1	2	2
13*2*1*1*2*2	1	3170	4709	5432	3152	0	0	0	0	1	0	7	13	2	1	1	2	2
14*2*1*1*2*1	1	4337	7846	8554	5823	0	0	0	0	1	0	7	14	2	1	1	2	1
2*1*1*1*1*1	36	117.305555555556	152.666666666667	201.833333333333	93.6666666666667	25.0342204064362	35.7273626852647	42.6565743272164	30.155154341063	1	0	7	2	1	1	1	1	1
2*2*1*1*1*1	16	104.0625	138.9375	166.375	95.0625	16.6338087565656	32.7747401782226	29.6792751764594	33.9585570033534	1	0	7	2	2	1	1	1	1
2*2*1*2*1*1	1	108	110	153	116	0	0	0	0	1	0	7	2	2	1	2	1	1
2*3*1*2*1*1	1	91	88	137	87	0	0	0	0	1	0	7	2	3	1	2	1	1
3*1*1*1*1*1	15	184.866666666667	260.733333333333	326.666666666667	165.2	52.2989696095652	58.1509147725888	56.9522216911294	41.7918652371487	1	0	7	3	1	1	1	1	1
3*1*1*1*1*2	1	211	334	379	121	0	0	0	0	1	0	7	3	1	1	1	1	2
3*2*1*1*1*1	8	226.125	273	343.25	167.875	30.7913847528818	51.3005847919885	65.1320773505651	26.6244131390722	1	0	7	3	2	1	1	1	1
3*2*1*1*1*2	2	174	261	310.5	166	12	18	0.5	4	1	0	7	3	2	1	1	1	2
3*3*1*1*1*1	2	218	287.5	317.5	183.5	45	73.5	8.5	35.5	1	0	7	3	3	1	1	1	1
3*3*1*2*1*1	3	202	277.333333333333	326.333333333333	219	28.2488937836511	40.185680147148	49.8687165354081	21.9241115365405	1	0	7	3	3	1	2	1	1
4*1*1*1*1*1	18	303.222222222222	401.333333333333	504.166666666667	223.777777777778	32.4303622406801	45.5314299260534	56.122138630352	64.6937705704134	1	0	7	4	1	1	1	1	1
4*1*1*1*1*2	4	359.25	491.25	517.25	211.5	42.7631558704453	52.8411534696206	36.8942746235781	36.3902459458575	1	0	7	4	1	1	1	1	2
4*2*1*1*1*1	2	322	437.5	514.5	233.5	3	6.5	35.5	47.5	1	0	7	4	2	1	1	1	1
4*3*1*1*1*1	1	315	441	517	188	0	0	0	0	1	0	7	4	3	1	1	1	1
4*3*1*3*1*1	1	288	410	593	302	0	0	0	0	1	0	7	4	3	1	3	1	1
5*1*1*1*1*1	8	453.375	608.625	721.125	334.5	84.4392348082336	69.8980284056711	49.7881449242689	69.7370059580995	1	0	7	5	1	1	1	1	1
5*1*1*1*1*2	1	491	669	693	213	0	0	0	0	1	0	7	5	1	1	1	1	2
5*2*1*1*1*1	3	423.666666666667	587.333333333333	666	364.666666666667	102.477097712394	108.506016218252	31.8433666561813	90.0715764760942	1	0	7	5	2	1	1	1	1
6*1*1*1*1*1	5	535.4	747	928.6	453.4	90.0724153112372	48.2037342951768	34.6213806772636	140.460101096361	1	0	7	6	1	1	1	1	1
6*1*1*1*1*2	1	651	956	1104	704	0	0	0	0	1	0	7	6	1	1	1	1	2
7*1*1*1*1*1	5	757.6	1103.4	1293.2	611.2	81.9917068977101	92.9571944499187	70.9066992603661	61.6032466676879	1	0	7	7	1	1	1	1	1
7*1*1*1*1*2	1	834	1136	1186	471	0	0	0	0	1	0	7	7	1	1	1	1	2
7*2*1*1*1*2	1	827	1028	1380	494	0	0	0	0	1	0	7	7	2	1	1	1	2
8*1*1*1*1*1	2	1025.5	1507.5	1720.5	916.5	32.5	174.5	113.5	132.5	1	0	7	8	1	1	1	1	1
8*1*1*1*2*1	1	853	1154	1834	1143	0	0	0	0	1	0	7	8	1	1	1	2	1
9*1*1*1*1*1	1	1118	1884	2089	1193	0	0	0	0	1	0	7	9	1	1	1	1	1
9*1*1*1*2*1	1	1126	1623	2278	1401	0	0	0	0	1	0	7	9	1	1	1	2	1
9*1*1*1*2*2	1	1012	1727	2069	1338	0	0	0	0	1	0	7	9	1	1	1	2	2
9*2*1*1*2*2	1	1194	1828	2068	817	0	0	0	0	1	0	7	9	2	1	1	2	2
9*3*1*1*2*2	1	1253	1630	1984	928	0	0	0	0	1	0	7	9	3	1	1	2	2
